#        x              y             xo             yo             xs             ys
 
   2.604400E+02   1.124700E+02   2.592700E+02   1.136225E+02
   2.581000E+02   1.147750E+02   2.597310E+02   1.140905E+02
 
   2.510800E+02   1.216900E+02   2.498150E+02   1.227362E+02
   2.485500E+02   1.237825E+02   2.502335E+02   1.232423E+02
 
   2.409600E+02   1.300600E+02   2.396075E+02   1.309925E+02
   2.382550E+02   1.319250E+02   2.399805E+02   1.315335E+02
 
   2.301400E+02   1.375200E+02   2.287113E+02   1.383313E+02
   2.272825E+02   1.391425E+02   2.290358E+02   1.389028E+02
 
   2.187100E+02   1.440100E+02   2.170650E+02   1.447622E+02
   2.154200E+02   1.455145E+02   2.173659E+02   1.454203E+02
 
   2.121300E+02   1.470190E+02   2.098950E+02   1.480410E+02
   2.076600E+02   1.490630E+02   2.103038E+02   1.489350E+02
 
   2.076600E+02   1.490630E+02   2.060012E+02   1.496651E+02
   2.043425E+02   1.502672E+02   2.062421E+02   1.503286E+02
 
   1.943900E+02   1.538800E+02   1.919638E+02   1.544187E+02
   1.895375E+02   1.549575E+02   1.921793E+02   1.553893E+02
 
   1.749800E+02   1.581900E+02   1.725900E+02   1.581900E+02
   1.702000E+02   1.581900E+02   1.725900E+02   1.591460E+02
 
   1.654200E+02   1.581900E+02   1.630700E+02   1.577750E+02
   1.607200E+02   1.573600E+02   1.629040E+02   1.587150E+02
 
   1.560200E+02   1.565300E+02   1.537750E+02   1.557150E+02
   1.515300E+02   1.549000E+02   1.534490E+02   1.566130E+02
 
   1.470400E+02   1.532700E+02   1.449725E+02   1.520750E+02
   1.429050E+02   1.508800E+02   1.444945E+02   1.529020E+02
 
   1.387700E+02   1.484900E+02   1.369400E+02   1.469550E+02
   1.351100E+02   1.454200E+02   1.363260E+02   1.476870E+02
 
   1.314500E+02   1.423500E+02   1.299150E+02   1.405200E+02
   1.283800E+02   1.386900E+02   1.291830E+02   1.411340E+02
 
   1.253100E+02   1.350300E+02   1.241150E+02   1.329625E+02
   1.229200E+02   1.308950E+02   1.232880E+02   1.334405E+02
 
   1.205300E+02   1.267600E+02   1.197150E+02   1.245150E+02
   1.189000E+02   1.222700E+02   1.188170E+02   1.248410E+02
 
   1.172700E+02   1.177800E+02   1.170330E+02   1.157100E+02
   1.167960E+02   1.136400E+02   1.162050E+02   1.158048E+02
 
   1.163220E+02   1.095000E+02   1.162460E+02   1.086940E+02
   1.161700E+02   1.078880E+02   1.159236E+02   1.087244E+02
 
   1.161700E+02   1.078880E+02   1.160850E+02   1.056940E+02
   1.160000E+02   1.035000E+02   1.152074E+02   1.057280E+02
 
   1.160000E+02   1.035000E+02   1.160000E+02   1.018828E+02
   1.160000E+02   1.002656E+02   1.153531E+02   1.018828E+02
 
   1.160000E+02  -1.035000E+02   1.160850E+02  -1.056940E+02
   1.161700E+02  -1.078880E+02   1.152074E+02  -1.057280E+02
 
   1.161700E+02  -1.078880E+02   1.162460E+02  -1.086940E+02
   1.163220E+02  -1.095000E+02   1.159236E+02  -1.087244E+02
 
   1.163220E+02  -1.095000E+02   1.165590E+02  -1.115700E+02
   1.167960E+02  -1.136400E+02   1.157310E+02  -1.116648E+02
 
   1.172700E+02  -1.177800E+02   1.180850E+02  -1.200250E+02
   1.189000E+02  -1.222700E+02   1.171870E+02  -1.203510E+02
 
   1.205300E+02  -1.267600E+02   1.217250E+02  -1.288275E+02
   1.229200E+02  -1.308950E+02   1.208980E+02  -1.293055E+02
 
   1.253100E+02  -1.350300E+02   1.268450E+02  -1.368600E+02
   1.283800E+02  -1.386900E+02   1.261130E+02  -1.374740E+02
 
   1.314500E+02  -1.423500E+02   1.332800E+02  -1.438850E+02
   1.351100E+02  -1.454200E+02   1.326660E+02  -1.446170E+02
 
   1.387700E+02  -1.484900E+02   1.408375E+02  -1.496850E+02
   1.429050E+02  -1.508800E+02   1.403595E+02  -1.505120E+02
 
   1.470400E+02  -1.532700E+02   1.492850E+02  -1.540850E+02
   1.515300E+02  -1.549000E+02   1.489590E+02  -1.549830E+02
 
   1.560200E+02  -1.565300E+02   1.583700E+02  -1.569450E+02
   1.607200E+02  -1.573600E+02   1.582040E+02  -1.578850E+02
 
   1.654200E+02  -1.581900E+02   1.682850E+02  -1.581400E+02
   1.711500E+02  -1.580900E+02   1.683050E+02  -1.592860E+02
 
   1.768800E+02  -1.579900E+02   1.790687E+02  -1.574762E+02
   1.812575E+02  -1.569625E+02   1.792743E+02  -1.583518E+02
 
   1.943900E+02  -1.538800E+02   1.960487E+02  -1.532779E+02
   1.977075E+02  -1.526757E+02   1.962896E+02  -1.539414E+02
 
   2.076600E+02  -1.490630E+02   2.098950E+02  -1.480410E+02
   2.121300E+02  -1.470190E+02   2.103038E+02  -1.489350E+02
 
   2.121300E+02  -1.470190E+02   2.137750E+02  -1.462668E+02
   2.154200E+02  -1.455145E+02   2.140759E+02  -1.469248E+02
 
   2.187100E+02  -1.440100E+02   2.201388E+02  -1.431987E+02
   2.215675E+02  -1.423875E+02   2.204633E+02  -1.437703E+02
 
   2.301400E+02  -1.375200E+02   2.314925E+02  -1.365875E+02
   2.328450E+02  -1.356550E+02   2.318655E+02  -1.371285E+02
 
   2.409600E+02  -1.300600E+02   2.422250E+02  -1.290138E+02
   2.434900E+02  -1.279675E+02   2.426435E+02  -1.295198E+02
 
   2.510800E+02  -1.216900E+02   2.522500E+02  -1.205375E+02
   2.534200E+02  -1.193850E+02   2.527110E+02  -1.210055E+02
 
   2.604400E+02  -1.124700E+02   2.616387E+02  -1.110438E+02
   2.628375E+02  -1.096175E+02   2.622093E+02  -1.115233E+02
 
   2.700300E+02  -1.010600E+02   2.713875E+02  -9.910500E+01
   2.727450E+02  -9.715000E+01   2.721695E+02  -9.964800E+01
 
   2.754600E+02  -9.324000E+01   2.761700E+02  -9.171500E+01
   2.768800E+02  -9.019000E+01   2.767800E+02  -9.199900E+01
 
   2.783000E+02  -8.714000E+01   2.788400E+02  -8.468000E+01
   2.793800E+02  -8.222000E+01   2.798240E+02  -8.489600E+01
 
   2.804600E+02  -7.730000E+01   2.804600E+02  -7.521875E+01
   2.804600E+02  -7.313750E+01   2.812925E+02  -7.521875E+01
 
   2.804600E+02  -4.400000E+01   2.804600E+02  -4.125000E+01
   2.804600E+02  -3.850000E+01   2.815600E+02  -4.125000E+01
 
   2.804600E+02   4.400000E+01   2.804600E+02   4.608125E+01
   2.804600E+02   4.816250E+01   2.812925E+02   4.608125E+01
 
   2.804600E+02   7.730000E+01   2.799200E+02   7.976000E+01
   2.793800E+02   8.222000E+01   2.809040E+02   7.997600E+01
 
   2.783000E+02   8.714000E+01   2.771400E+02   8.937500E+01
   2.759800E+02   9.161000E+01   2.780340E+02   8.983900E+01
 
   2.736600E+02   9.608000E+01   2.727525E+02   9.732500E+01
   2.718450E+02   9.857000E+01   2.732505E+02   9.768800E+01
 
   2.700300E+02   1.010600E+02   2.688312E+02   1.024862E+02
   2.676325E+02   1.039125E+02   2.694018E+02   1.029658E+02
 
   2.557600E+02   1.170800E+02   2.545900E+02   1.182325E+02
   2.534200E+02   1.193850E+02   2.550510E+02   1.187005E+02
 
   2.581000E+02   1.147750E+02   2.569300E+02   1.159275E+02
   2.557600E+02   1.170800E+02   2.573910E+02   1.163955E+02
 
   2.460200E+02   1.258750E+02   2.447550E+02   1.269213E+02
   2.434900E+02   1.279675E+02   2.451735E+02   1.274273E+02
 
   2.485500E+02   1.237825E+02   2.472850E+02   1.248287E+02
   2.460200E+02   1.258750E+02   2.477035E+02   1.253348E+02
 
   2.355500E+02   1.337900E+02   2.341975E+02   1.347225E+02
   2.328450E+02   1.356550E+02   2.345705E+02   1.352635E+02
 
   2.382550E+02   1.319250E+02   2.369025E+02   1.328575E+02
   2.355500E+02   1.337900E+02   2.372755E+02   1.333985E+02
 
   2.244250E+02   1.407650E+02   2.229963E+02   1.415762E+02
   2.215675E+02   1.423875E+02   2.233208E+02   1.421478E+02
 
   2.272825E+02   1.391425E+02   2.258537E+02   1.399537E+02
   2.244250E+02   1.407650E+02   2.261783E+02   1.405253E+02
 
   2.154200E+02   1.455145E+02   2.137750E+02   1.462668E+02
   2.121300E+02   1.470190E+02   2.140759E+02   1.469248E+02
 
   2.010250E+02   1.514715E+02   1.993662E+02   1.520736E+02
   1.977075E+02   1.526757E+02   1.996071E+02   1.527371E+02
 
   2.043425E+02   1.502672E+02   2.026837E+02   1.508694E+02
   2.010250E+02   1.514715E+02   2.029246E+02   1.515329E+02
 
   1.846850E+02   1.560350E+02   1.822587E+02   1.565738E+02
   1.798325E+02   1.571125E+02   1.824743E+02   1.575443E+02
 
   1.895375E+02   1.549575E+02   1.871112E+02   1.554962E+02
   1.846850E+02   1.560350E+02   1.873268E+02   1.564668E+02
 
   1.702000E+02   1.581900E+02   1.678100E+02   1.581900E+02
   1.654200E+02   1.581900E+02   1.678100E+02   1.591460E+02
 
   1.607200E+02   1.573600E+02   1.583700E+02   1.569450E+02
   1.560200E+02   1.565300E+02   1.582040E+02   1.578850E+02
 
   1.515300E+02   1.549000E+02   1.492850E+02   1.540850E+02
   1.470400E+02   1.532700E+02   1.489590E+02   1.549830E+02
 
   1.429050E+02   1.508800E+02   1.408375E+02   1.496850E+02
   1.387700E+02   1.484900E+02   1.403595E+02   1.505120E+02
 
   1.351100E+02   1.454200E+02   1.332800E+02   1.438850E+02
   1.314500E+02   1.423500E+02   1.326660E+02   1.446170E+02
 
   1.283800E+02   1.386900E+02   1.268450E+02   1.368600E+02
   1.253100E+02   1.350300E+02   1.261130E+02   1.374740E+02
 
   1.229200E+02   1.308950E+02   1.217250E+02   1.288275E+02
   1.205300E+02   1.267600E+02   1.208980E+02   1.293055E+02
 
   1.189000E+02   1.222700E+02   1.180850E+02   1.200250E+02
   1.172700E+02   1.177800E+02   1.171870E+02   1.203510E+02
 
   1.167960E+02   1.136400E+02   1.165590E+02   1.115700E+02
   1.163220E+02   1.095000E+02   1.157310E+02   1.116648E+02
 
   1.160000E+02   0.000000E+00   1.160000E+02  -1.617188E+00
   1.160000E+02  -3.234375E+00   1.153531E+02  -1.617188E+00
 
   1.160000E+02   5.175000E+01   1.160000E+02   5.013281E+01
   1.160000E+02   4.851562E+01   1.153531E+02   5.013281E+01
 
   1.160000E+02   7.762500E+01   1.160000E+02   7.600781E+01
   1.160000E+02   7.439062E+01   1.153531E+02   7.600781E+01
 
   1.160000E+02   9.056250E+01   1.160000E+02   8.894531E+01
   1.160000E+02   8.732812E+01   1.153531E+02   8.894531E+01
 
   1.160000E+02   9.703125E+01   1.160000E+02   9.541406E+01
   1.160000E+02   9.379688E+01   1.153531E+02   9.541406E+01
 
   1.160000E+02   1.002656E+02   1.160000E+02   9.864844E+01
   1.160000E+02   9.703125E+01   1.153531E+02   9.864844E+01
 
   1.167960E+02  -1.136400E+02   1.170330E+02  -1.157100E+02
   1.172700E+02  -1.177800E+02   1.162050E+02  -1.158048E+02
 
   1.189000E+02  -1.222700E+02   1.197150E+02  -1.245150E+02
   1.205300E+02  -1.267600E+02   1.188170E+02  -1.248410E+02
 
   1.229200E+02  -1.308950E+02   1.241150E+02  -1.329625E+02
   1.253100E+02  -1.350300E+02   1.232880E+02  -1.334405E+02
 
   1.283800E+02  -1.386900E+02   1.299150E+02  -1.405200E+02
   1.314500E+02  -1.423500E+02   1.291830E+02  -1.411340E+02
 
   1.351100E+02  -1.454200E+02   1.369400E+02  -1.469550E+02
   1.387700E+02  -1.484900E+02   1.363260E+02  -1.476870E+02
 
   1.429050E+02  -1.508800E+02   1.449725E+02  -1.520750E+02
   1.470400E+02  -1.532700E+02   1.444945E+02  -1.529020E+02
 
   1.515300E+02  -1.549000E+02   1.537750E+02  -1.557150E+02
   1.560200E+02  -1.565300E+02   1.534490E+02  -1.566130E+02
 
   1.607200E+02  -1.573600E+02   1.630700E+02  -1.577750E+02
   1.654200E+02  -1.581900E+02   1.629040E+02  -1.587150E+02
 
   1.711500E+02  -1.580900E+02   1.740150E+02  -1.580400E+02
   1.768800E+02  -1.579900E+02   1.740350E+02  -1.591860E+02
 
   1.856350E+02  -1.559350E+02   1.878237E+02  -1.554212E+02
   1.900125E+02  -1.549075E+02   1.880293E+02  -1.562968E+02
 
   1.812575E+02  -1.569625E+02   1.834462E+02  -1.564488E+02
   1.856350E+02  -1.559350E+02   1.836518E+02  -1.573243E+02
 
   2.010250E+02  -1.514715E+02   2.026837E+02  -1.508694E+02
   2.043425E+02  -1.502672E+02   2.029246E+02  -1.515329E+02
 
   1.977075E+02  -1.526757E+02   1.993662E+02  -1.520736E+02
   2.010250E+02  -1.514715E+02   1.996071E+02  -1.527371E+02
 
   2.154200E+02  -1.455145E+02   2.170650E+02  -1.447622E+02
   2.187100E+02  -1.440100E+02   2.173659E+02  -1.454203E+02
 
   2.244250E+02  -1.407650E+02   2.258537E+02  -1.399537E+02
   2.272825E+02  -1.391425E+02   2.261783E+02  -1.405253E+02
 
   2.215675E+02  -1.423875E+02   2.229963E+02  -1.415762E+02
   2.244250E+02  -1.407650E+02   2.233208E+02  -1.421478E+02
 
   2.355500E+02  -1.337900E+02   2.369025E+02  -1.328575E+02
   2.382550E+02  -1.319250E+02   2.372755E+02  -1.333985E+02
 
   2.328450E+02  -1.356550E+02   2.341975E+02  -1.347225E+02
   2.355500E+02  -1.337900E+02   2.345705E+02  -1.352635E+02
 
   2.460200E+02  -1.258750E+02   2.472850E+02  -1.248287E+02
   2.485500E+02  -1.237825E+02   2.477035E+02  -1.253348E+02
 
   2.434900E+02  -1.279675E+02   2.447550E+02  -1.269213E+02
   2.460200E+02  -1.258750E+02   2.451735E+02  -1.274273E+02
 
   2.557600E+02  -1.170800E+02   2.569300E+02  -1.159275E+02
   2.581000E+02  -1.147750E+02   2.573910E+02  -1.163955E+02
 
   2.534200E+02  -1.193850E+02   2.545900E+02  -1.182325E+02
   2.557600E+02  -1.170800E+02   2.550510E+02  -1.187005E+02
 
   2.652350E+02  -1.067650E+02   2.664338E+02  -1.053388E+02
   2.676325E+02  -1.039125E+02   2.670043E+02  -1.058183E+02
 
   2.628375E+02  -1.096175E+02   2.640362E+02  -1.081912E+02
   2.652350E+02  -1.067650E+02   2.646068E+02  -1.086708E+02
 
   2.727450E+02  -9.715000E+01   2.741025E+02  -9.519500E+01
   2.754600E+02  -9.324000E+01   2.748845E+02  -9.573800E+01
 
   2.768800E+02  -9.019000E+01   2.775900E+02  -8.866500E+01
   2.783000E+02  -8.714000E+01   2.782000E+02  -8.894900E+01
 
   2.793800E+02  -8.222000E+01   2.799200E+02  -7.976000E+01
   2.804600E+02  -7.730000E+01   2.809040E+02  -7.997600E+01
 
   2.804600E+02  -6.065000E+01   2.804600E+02  -5.856875E+01
   2.804600E+02  -5.648750E+01   2.812925E+02  -5.856875E+01
 
   2.804600E+02  -6.897500E+01   2.804600E+02  -6.689375E+01
   2.804600E+02  -6.481250E+01   2.812925E+02  -6.689375E+01
 
   2.804600E+02  -7.313750E+01   2.804600E+02  -7.105625E+01
   2.804600E+02  -6.897500E+01   2.812925E+02  -7.105625E+01
 
   2.804600E+02   0.000000E+00   2.804600E+02   2.750000E+00
   2.804600E+02   5.500000E+00   2.815600E+02   2.750000E+00
 
   2.804600E+02  -2.200000E+01   2.804600E+02  -1.925000E+01
   2.804600E+02  -1.650000E+01   2.815600E+02  -1.925000E+01
 
   2.804600E+02  -3.300000E+01   2.804600E+02  -3.025000E+01
   2.804600E+02  -2.750000E+01   2.815600E+02  -3.025000E+01
 
   2.804600E+02  -3.850000E+01   2.804600E+02  -3.575000E+01
   2.804600E+02  -3.300000E+01   2.815600E+02  -3.575000E+01
 
   2.804600E+02   6.065000E+01   2.804600E+02   6.273125E+01
   2.804600E+02   6.481250E+01   2.812925E+02   6.273125E+01
 
   2.804600E+02   5.232500E+01   2.804600E+02   5.440625E+01
   2.804600E+02   5.648750E+01   2.812925E+02   5.440625E+01
 
   2.804600E+02   4.816250E+01   2.804600E+02   5.024375E+01
   2.804600E+02   5.232500E+01   2.812925E+02   5.024375E+01
 
   2.793800E+02   8.222000E+01   2.788400E+02   8.468000E+01
   2.783000E+02   8.714000E+01   2.798240E+02   8.489600E+01
 
   2.759800E+02   9.161000E+01   2.748200E+02   9.384500E+01
   2.736600E+02   9.608000E+01   2.757140E+02   9.430900E+01
 
   2.718450E+02   9.857000E+01   2.709375E+02   9.981500E+01
   2.700300E+02   1.010600E+02   2.714355E+02   1.001780E+02
 
   2.652350E+02   1.067650E+02   2.640362E+02   1.081912E+02
   2.628375E+02   1.096175E+02   2.646068E+02   1.086708E+02
 
   2.676325E+02   1.039125E+02   2.664338E+02   1.053388E+02
   2.652350E+02   1.067650E+02   2.670043E+02   1.058183E+02
 
   2.534200E+02   1.193850E+02   2.522500E+02   1.205375E+02
   2.510800E+02   1.216900E+02   2.527110E+02   1.210055E+02
 
   2.434900E+02   1.279675E+02   2.422250E+02   1.290138E+02
   2.409600E+02   1.300600E+02   2.426435E+02   1.295198E+02
 
   2.328450E+02   1.356550E+02   2.314925E+02   1.365875E+02
   2.301400E+02   1.375200E+02   2.318655E+02   1.371285E+02
 
   2.215675E+02   1.423875E+02   2.201388E+02   1.431987E+02
   2.187100E+02   1.440100E+02   2.204633E+02   1.437703E+02
 
   1.977075E+02   1.526757E+02   1.960487E+02   1.532779E+02
   1.943900E+02   1.538800E+02   1.962896E+02   1.539414E+02
 
   1.798325E+02   1.571125E+02   1.774062E+02   1.576513E+02
   1.749800E+02   1.581900E+02   1.776218E+02   1.586218E+02
 
   1.160000E+02  -5.175000E+01   1.160000E+02  -5.336719E+01
   1.160000E+02  -5.498438E+01   1.153531E+02  -5.336719E+01
 
   1.160000E+02  -2.587500E+01   1.160000E+02  -2.749219E+01
   1.160000E+02  -2.910938E+01   1.153531E+02  -2.749219E+01
 
   1.160000E+02  -1.293750E+01   1.160000E+02  -1.455469E+01
   1.160000E+02  -1.617188E+01   1.153531E+02  -1.455469E+01
 
   1.160000E+02  -6.468750E+00   1.160000E+02  -8.085938E+00
   1.160000E+02  -9.703125E+00   1.153531E+02  -8.085938E+00
 
   1.160000E+02  -3.234375E+00   1.160000E+02  -4.851562E+00
   1.160000E+02  -6.468750E+00   1.153531E+02  -4.851562E+00
 
   1.160000E+02   2.587500E+01   1.160000E+02   2.425781E+01
   1.160000E+02   2.264062E+01   1.153531E+02   2.425781E+01
 
   1.160000E+02   3.881250E+01   1.160000E+02   3.719531E+01
   1.160000E+02   3.557812E+01   1.153531E+02   3.719531E+01
 
   1.160000E+02   4.528125E+01   1.160000E+02   4.366406E+01
   1.160000E+02   4.204688E+01   1.153531E+02   4.366406E+01
 
   1.160000E+02   4.851562E+01   1.160000E+02   4.689844E+01
   1.160000E+02   4.528125E+01   1.153531E+02   4.689844E+01
 
   1.160000E+02   6.468750E+01   1.160000E+02   6.307031E+01
   1.160000E+02   6.145312E+01   1.153531E+02   6.307031E+01
 
   1.160000E+02   7.115625E+01   1.160000E+02   6.953906E+01
   1.160000E+02   6.792188E+01   1.153531E+02   6.953906E+01
 
   1.160000E+02   7.439062E+01   1.160000E+02   7.277344E+01
   1.160000E+02   7.115625E+01   1.153531E+02   7.277344E+01
 
   1.160000E+02   8.409375E+01   1.160000E+02   8.247656E+01
   1.160000E+02   8.085938E+01   1.153531E+02   8.247656E+01
 
   1.160000E+02   8.732812E+01   1.160000E+02   8.571094E+01
   1.160000E+02   8.409375E+01   1.153531E+02   8.571094E+01
 
   1.160000E+02   9.379688E+01   1.160000E+02   9.217969E+01
   1.160000E+02   9.056250E+01   1.153531E+02   9.217969E+01
 
   1.900125E+02  -1.549075E+02   1.922012E+02  -1.543938E+02
   1.943900E+02  -1.538800E+02   1.924068E+02  -1.552693E+02
 
   2.043425E+02  -1.502672E+02   2.060012E+02  -1.496651E+02
   2.076600E+02  -1.490630E+02   2.062421E+02  -1.503286E+02
 
   2.272825E+02  -1.391425E+02   2.287113E+02  -1.383313E+02
   2.301400E+02  -1.375200E+02   2.290358E+02  -1.389028E+02
 
   2.382550E+02  -1.319250E+02   2.396075E+02  -1.309925E+02
   2.409600E+02  -1.300600E+02   2.399805E+02  -1.315335E+02
 
   2.485500E+02  -1.237825E+02   2.498150E+02  -1.227362E+02
   2.510800E+02  -1.216900E+02   2.502335E+02  -1.232423E+02
 
   2.581000E+02  -1.147750E+02   2.592700E+02  -1.136225E+02
   2.604400E+02  -1.124700E+02   2.597310E+02  -1.140905E+02
 
   2.676325E+02  -1.039125E+02   2.688312E+02  -1.024862E+02
   2.700300E+02  -1.010600E+02   2.694018E+02  -1.029658E+02
 
   2.804600E+02  -5.232500E+01   2.804600E+02  -5.024375E+01
   2.804600E+02  -4.816250E+01   2.812925E+02  -5.024375E+01
 
   2.804600E+02  -5.648750E+01   2.804600E+02  -5.440625E+01
   2.804600E+02  -5.232500E+01   2.812925E+02  -5.440625E+01
 
   2.804600E+02  -6.481250E+01   2.804600E+02  -6.273125E+01
   2.804600E+02  -6.065000E+01   2.812925E+02  -6.273125E+01
 
   2.804600E+02   2.200000E+01   2.804600E+02   2.475000E+01
   2.804600E+02   2.750000E+01   2.815600E+02   2.475000E+01
 
   2.804600E+02   1.100000E+01   2.804600E+02   1.375000E+01
   2.804600E+02   1.650000E+01   2.815600E+02   1.375000E+01
 
   2.804600E+02   5.500000E+00   2.804600E+02   8.250000E+00
   2.804600E+02   1.100000E+01   2.815600E+02   8.250000E+00
 
   2.804600E+02  -1.100000E+01   2.804600E+02  -8.250000E+00
   2.804600E+02  -5.500000E+00   2.815600E+02  -8.250000E+00
 
   2.804600E+02  -1.650000E+01   2.804600E+02  -1.375000E+01
   2.804600E+02  -1.100000E+01   2.815600E+02  -1.375000E+01
 
   2.804600E+02  -2.750000E+01   2.804600E+02  -2.475000E+01
   2.804600E+02  -2.200000E+01   2.815600E+02  -2.475000E+01
 
   2.804600E+02   6.897500E+01   2.804600E+02   7.105625E+01
   2.804600E+02   7.313750E+01   2.812925E+02   7.105625E+01
 
   2.804600E+02   6.481250E+01   2.804600E+02   6.689375E+01
   2.804600E+02   6.897500E+01   2.812925E+02   6.689375E+01
 
   2.804600E+02   5.648750E+01   2.804600E+02   5.856875E+01
   2.804600E+02   6.065000E+01   2.812925E+02   5.856875E+01
 
   2.628375E+02   1.096175E+02   2.616387E+02   1.110438E+02
   2.604400E+02   1.124700E+02   2.622093E+02   1.115233E+02
 
   1.160000E+02  -7.762500E+01   1.160000E+02  -7.924219E+01
   1.160000E+02  -8.085938E+01   1.153531E+02  -7.924219E+01
 
   1.160000E+02  -6.468750E+01   1.160000E+02  -6.630469E+01
   1.160000E+02  -6.792188E+01   1.153531E+02  -6.630469E+01
 
   1.160000E+02  -5.821875E+01   1.160000E+02  -5.983594E+01
   1.160000E+02  -6.145312E+01   1.153531E+02  -5.983594E+01
 
   1.160000E+02  -5.498438E+01   1.160000E+02  -5.660156E+01
   1.160000E+02  -5.821875E+01   1.153531E+02  -5.660156E+01
 
   1.160000E+02  -3.881250E+01   1.160000E+02  -4.042969E+01
   1.160000E+02  -4.204688E+01   1.153531E+02  -4.042969E+01
 
   1.160000E+02  -3.234375E+01   1.160000E+02  -3.396094E+01
   1.160000E+02  -3.557812E+01   1.153531E+02  -3.396094E+01
 
   1.160000E+02  -2.910938E+01   1.160000E+02  -3.072656E+01
   1.160000E+02  -3.234375E+01   1.153531E+02  -3.072656E+01
 
   1.160000E+02  -1.940625E+01   1.160000E+02  -2.102344E+01
   1.160000E+02  -2.264062E+01   1.153531E+02  -2.102344E+01
 
   1.160000E+02  -1.617188E+01   1.160000E+02  -1.778906E+01
   1.160000E+02  -1.940625E+01   1.153531E+02  -1.778906E+01
 
   1.160000E+02  -9.703125E+00   1.160000E+02  -1.132031E+01
   1.160000E+02  -1.293750E+01   1.153531E+02  -1.132031E+01
 
   1.160000E+02   1.293750E+01   1.160000E+02   1.132031E+01
   1.160000E+02   9.703125E+00   1.153531E+02   1.132031E+01
 
   1.160000E+02   1.940625E+01   1.160000E+02   1.778906E+01
   1.160000E+02   1.617188E+01   1.153531E+02   1.778906E+01
 
   1.160000E+02   2.264062E+01   1.160000E+02   2.102344E+01
   1.160000E+02   1.940625E+01   1.153531E+02   2.102344E+01
 
   1.160000E+02   3.234375E+01   1.160000E+02   3.072656E+01
   1.160000E+02   2.910938E+01   1.153531E+02   3.072656E+01
 
   1.160000E+02   3.557812E+01   1.160000E+02   3.396094E+01
   1.160000E+02   3.234375E+01   1.153531E+02   3.396094E+01
 
   1.160000E+02   4.204688E+01   1.160000E+02   4.042969E+01
   1.160000E+02   3.881250E+01   1.153531E+02   4.042969E+01
 
   1.160000E+02   5.821875E+01   1.160000E+02   5.660156E+01
   1.160000E+02   5.498438E+01   1.153531E+02   5.660156E+01
 
   1.160000E+02   6.145312E+01   1.160000E+02   5.983594E+01
   1.160000E+02   5.821875E+01   1.153531E+02   5.983594E+01
 
   1.160000E+02   6.792188E+01   1.160000E+02   6.630469E+01
   1.160000E+02   6.468750E+01   1.153531E+02   6.630469E+01
 
   1.160000E+02   8.085938E+01   1.160000E+02   7.924219E+01
   1.160000E+02   7.762500E+01   1.153531E+02   7.924219E+01
 
   2.804600E+02  -4.816250E+01   2.804600E+02  -4.608125E+01
   2.804600E+02  -4.400000E+01   2.812925E+02  -4.608125E+01
 
   2.804600E+02   3.300000E+01   2.804600E+02   3.575000E+01
   2.804600E+02   3.850000E+01   2.815600E+02   3.575000E+01
 
   2.804600E+02   2.750000E+01   2.804600E+02   3.025000E+01
   2.804600E+02   3.300000E+01   2.815600E+02   3.025000E+01
 
   2.804600E+02   1.650000E+01   2.804600E+02   1.925000E+01
   2.804600E+02   2.200000E+01   2.815600E+02   1.925000E+01
 
   2.804600E+02  -5.500000E+00   2.804600E+02  -2.750000E+00
   2.804600E+02   0.000000E+00   2.815600E+02  -2.750000E+00
 
   2.804600E+02   7.313750E+01   2.804600E+02   7.521875E+01
   2.804600E+02   7.730000E+01   2.812925E+02   7.521875E+01
 
   1.160000E+02  -9.056250E+01   1.160000E+02  -9.217969E+01
   1.160000E+02  -9.379688E+01   1.153531E+02  -9.217969E+01
 
   1.160000E+02  -8.409375E+01   1.160000E+02  -8.571094E+01
   1.160000E+02  -8.732812E+01   1.153531E+02  -8.571094E+01
 
   1.160000E+02  -8.085938E+01   1.160000E+02  -8.247656E+01
   1.160000E+02  -8.409375E+01   1.153531E+02  -8.247656E+01
 
   1.160000E+02  -7.115625E+01   1.160000E+02  -7.277344E+01
   1.160000E+02  -7.439062E+01   1.153531E+02  -7.277344E+01
 
   1.160000E+02  -6.792188E+01   1.160000E+02  -6.953906E+01
   1.160000E+02  -7.115625E+01   1.153531E+02  -6.953906E+01
 
   1.160000E+02  -6.145312E+01   1.160000E+02  -6.307031E+01
   1.160000E+02  -6.468750E+01   1.153531E+02  -6.307031E+01
 
   1.160000E+02  -4.528125E+01   1.160000E+02  -4.689844E+01
   1.160000E+02  -4.851562E+01   1.153531E+02  -4.689844E+01
 
   1.160000E+02  -4.204688E+01   1.160000E+02  -4.366406E+01
   1.160000E+02  -4.528125E+01   1.153531E+02  -4.366406E+01
 
   1.160000E+02  -3.557812E+01   1.160000E+02  -3.719531E+01
   1.160000E+02  -3.881250E+01   1.153531E+02  -3.719531E+01
 
   1.160000E+02  -2.264062E+01   1.160000E+02  -2.425781E+01
   1.160000E+02  -2.587500E+01   1.153531E+02  -2.425781E+01
 
   1.160000E+02   6.468750E+00   1.160000E+02   4.851562E+00
   1.160000E+02   3.234375E+00   1.153531E+02   4.851562E+00
 
   1.160000E+02   9.703125E+00   1.160000E+02   8.085938E+00
   1.160000E+02   6.468750E+00   1.153531E+02   8.085938E+00
 
   1.160000E+02   1.617188E+01   1.160000E+02   1.455469E+01
   1.160000E+02   1.293750E+01   1.153531E+02   1.455469E+01
 
   1.160000E+02   2.910938E+01   1.160000E+02   2.749219E+01
   1.160000E+02   2.587500E+01   1.153531E+02   2.749219E+01
 
   1.160000E+02   5.498438E+01   1.160000E+02   5.336719E+01
   1.160000E+02   5.175000E+01   1.153531E+02   5.336719E+01
 
   2.804600E+02   3.850000E+01   2.804600E+02   4.125000E+01
   2.804600E+02   4.400000E+01   2.815600E+02   4.125000E+01
 
   1.160000E+02  -9.703125E+01   1.160000E+02  -9.864844E+01
   1.160000E+02  -1.002656E+02   1.153531E+02  -9.864844E+01
 
   1.160000E+02  -9.379688E+01   1.160000E+02  -9.541406E+01
   1.160000E+02  -9.703125E+01   1.153531E+02  -9.541406E+01
 
   1.160000E+02  -8.732812E+01   1.160000E+02  -8.894531E+01
   1.160000E+02  -9.056250E+01   1.153531E+02  -8.894531E+01
 
   1.160000E+02  -7.439062E+01   1.160000E+02  -7.600781E+01
   1.160000E+02  -7.762500E+01   1.153531E+02  -7.600781E+01
 
   1.160000E+02  -4.851562E+01   1.160000E+02  -5.013281E+01
   1.160000E+02  -5.175000E+01   1.153531E+02  -5.013281E+01
 
   1.160000E+02   3.234375E+00   1.160000E+02   1.617188E+00
   1.160000E+02   0.000000E+00   1.153531E+02   1.617188E+00
 
   1.160000E+02  -1.002656E+02   1.160000E+02  -1.018828E+02
   1.160000E+02  -1.035000E+02   1.153531E+02  -1.018828E+02
 
   1.211000E+02   2.000000E-01   1.210500E+02   2.000000E-01
   1.210000E+02   2.000000E-01   1.210500E+02   2.200000E-01
 
   1.210000E+02   2.000000E-01   1.210000E+02   2.365625E+00
   1.210000E+02   4.531250E+00   1.218663E+02   2.365625E+00
 
   1.210000E+02   6.950000E+01   1.210500E+02   6.950000E+01
   1.211000E+02   6.950000E+01   1.210500E+02   6.948000E+01
 
   1.211000E+02   6.950000E+01   1.211000E+02   6.970000E+01
   1.211000E+02   6.990000E+01   1.211800E+02   6.970000E+01
 
   1.211000E+02   6.990000E+01   1.210500E+02   6.990000E+01
   1.210000E+02   6.990000E+01   1.210500E+02   6.992000E+01
 
   1.210000E+02   6.990000E+01   1.210000E+02   7.245000E+01
   1.210000E+02   7.500000E+01   1.220200E+02   7.245000E+01
 
   1.210000E+02   7.500000E+01   1.210000E+02   7.656250E+01
   1.210000E+02   7.812500E+01   1.216250E+02   7.656250E+01
 
   1.210000E+02   1.000000E+02   1.210000E+02   1.020000E+02
   1.210000E+02   1.040000E+02   1.218000E+02   1.020000E+02
 
   1.210000E+02   1.080000E+02   1.210000E+02   1.087500E+02
   1.210000E+02   1.095000E+02   1.213000E+02   1.087500E+02
 
   1.210000E+02   1.095000E+02   1.214545E+02   1.108305E+02
   1.219090E+02   1.121610E+02   1.219867E+02   1.106487E+02
 
   1.219090E+02   1.121610E+02   1.220100E+02   1.122620E+02
   1.221110E+02   1.123630E+02   1.220504E+02   1.122216E+02
 
   1.221110E+02   1.123630E+02   1.221610E+02   1.123130E+02
   1.222110E+02   1.122630E+02   1.221410E+02   1.122930E+02
 
   1.222110E+02   1.122630E+02   1.227110E+02   1.127630E+02
   1.232110E+02   1.132630E+02   1.229110E+02   1.125630E+02
 
   1.232110E+02   1.132630E+02   1.231610E+02   1.133130E+02
   1.231110E+02   1.133630E+02   1.231810E+02   1.133330E+02
 
   1.231110E+02   1.133630E+02   1.235555E+02   1.138075E+02
   1.240000E+02   1.142520E+02   1.237333E+02   1.136297E+02
 
   1.240000E+02   1.142520E+02   1.252240E+02   1.154760E+02
   1.264480E+02   1.167000E+02   1.257136E+02   1.149864E+02
 
   1.264480E+02   1.167000E+02   1.272240E+02   1.174760E+02
   1.280000E+02   1.182520E+02   1.275344E+02   1.171656E+02
 
   1.280000E+02   1.182520E+02   1.295000E+02   1.197520E+02
   1.310000E+02   1.212520E+02   1.301000E+02   1.191520E+02
 
   1.340000E+02   1.242520E+02   1.360000E+02   1.262520E+02
   1.380000E+02   1.282520E+02   1.368000E+02   1.254520E+02
 
   1.420000E+02   1.322520E+02   1.437500E+02   1.340020E+02
   1.455000E+02   1.357520E+02   1.444500E+02   1.333020E+02
 
   1.560000E+02   1.462520E+02   1.570000E+02   1.472520E+02
   1.580000E+02   1.482520E+02   1.574000E+02   1.468520E+02
 
   1.580000E+02   1.482520E+02   1.585515E+02   1.488035E+02
   1.591030E+02   1.493550E+02   1.587721E+02   1.485829E+02
 
   1.591030E+02   1.493550E+02   1.599870E+02   1.484710E+02
   1.608710E+02   1.475870E+02   1.596334E+02   1.481174E+02
 
   1.608710E+02   1.475870E+02   1.601815E+02   1.468625E+02
   1.594920E+02   1.461380E+02   1.598917E+02   1.471383E+02
 
   1.594920E+02   1.461380E+02   1.617067E+02   1.461390E+02
   1.639215E+02   1.461400E+02   1.617072E+02   1.452531E+02
 
   1.683510E+02   1.461420E+02   1.683510E+02   1.446670E+02
   1.683510E+02   1.431920E+02   1.677610E+02   1.446670E+02
 
   1.683510E+02   1.431920E+02   1.664427E+02   1.431920E+02
   1.645345E+02   1.431920E+02   1.664427E+02   1.439553E+02
 
   1.607180E+02   1.431920E+02   1.603590E+02   1.428330E+02
   1.600000E+02   1.424740E+02   1.602154E+02   1.429766E+02
 
   1.600000E+02   1.424740E+02   1.590000E+02   1.414740E+02
   1.580000E+02   1.404740E+02   1.586000E+02   1.418740E+02
 
   1.580000E+02   1.404740E+02   1.570000E+02   1.394740E+02
   1.560000E+02   1.384740E+02   1.566000E+02   1.398740E+02
 
   1.560000E+02   1.384740E+02   1.550000E+02   1.374740E+02
   1.540000E+02   1.364740E+02   1.546000E+02   1.378740E+02
 
   1.540000E+02   1.364740E+02   1.530000E+02   1.354740E+02
   1.520000E+02   1.344740E+02   1.526000E+02   1.358740E+02
 
   1.520000E+02   1.344740E+02   1.510000E+02   1.334740E+02
   1.500000E+02   1.324740E+02   1.506000E+02   1.338740E+02
 
   1.500000E+02   1.324740E+02   1.490000E+02   1.314740E+02
   1.480000E+02   1.304740E+02   1.486000E+02   1.318740E+02
 
   1.480000E+02   1.304740E+02   1.470000E+02   1.294740E+02
   1.460000E+02   1.284740E+02   1.466000E+02   1.298740E+02
 
   1.460000E+02   1.284740E+02   1.450000E+02   1.274740E+02
   1.440000E+02   1.264740E+02   1.446000E+02   1.278740E+02
 
   1.440000E+02   1.264740E+02   1.430000E+02   1.254740E+02
   1.420000E+02   1.244740E+02   1.426000E+02   1.258740E+02
 
   1.420000E+02   1.244740E+02   1.410000E+02   1.234740E+02
   1.400000E+02   1.224740E+02   1.406000E+02   1.238740E+02
 
   1.400000E+02   1.224740E+02   1.390000E+02   1.214740E+02
   1.380000E+02   1.204740E+02   1.386000E+02   1.218740E+02
 
   1.380000E+02   1.204740E+02   1.365000E+02   1.189740E+02
   1.350000E+02   1.174740E+02   1.359000E+02   1.195740E+02
 
   1.320000E+02   1.144740E+02   1.311685E+02   1.136425E+02
   1.303370E+02   1.128110E+02   1.308359E+02   1.139751E+02
 
   1.303370E+02   1.128110E+02   1.291685E+02   1.116425E+02
   1.280000E+02   1.104740E+02   1.287011E+02   1.121099E+02
 
   1.280000E+02   1.104740E+02   1.275000E+02   1.099740E+02
   1.270000E+02   1.094740E+02   1.273000E+02   1.101740E+02
 
   1.270000E+02   1.094740E+02   1.269500E+02   1.095240E+02
   1.269000E+02   1.095740E+02   1.269700E+02   1.095440E+02
 
   1.269000E+02   1.095740E+02   1.264000E+02   1.090740E+02
   1.259000E+02   1.085740E+02   1.262000E+02   1.092740E+02
 
   1.259000E+02   1.085740E+02   1.259500E+02   1.085240E+02
   1.260000E+02   1.084740E+02   1.259300E+02   1.085040E+02
 
   1.260000E+02   1.084740E+02   1.260000E+02   1.082370E+02
   1.260000E+02   1.080000E+02   1.259052E+02   1.082370E+02
 
   1.260000E+02   1.080000E+02   1.260000E+02   1.070000E+02
   1.260000E+02   1.060000E+02   1.256000E+02   1.070000E+02
 
   1.260000E+02   1.060000E+02   1.260000E+02   1.050000E+02
   1.260000E+02   1.040000E+02   1.256000E+02   1.050000E+02
 
   1.260000E+02   1.040000E+02   1.260000E+02   1.030000E+02
   1.260000E+02   1.020000E+02   1.256000E+02   1.030000E+02
 
   1.260000E+02   1.020000E+02   1.260000E+02   1.010000E+02
   1.260000E+02   1.000000E+02   1.256000E+02   1.010000E+02
 
   1.260000E+02   1.000000E+02   1.260000E+02   9.750000E+01
   1.260000E+02   9.500000E+01   1.250000E+02   9.750000E+01
 
   1.260000E+02   8.000000E+01   1.260000E+02   7.900000E+01
   1.260000E+02   7.800000E+01   1.256000E+02   7.900000E+01
 
   1.260000E+02   7.800000E+01   1.260000E+02   7.700000E+01
   1.260000E+02   7.600000E+01   1.256000E+02   7.700000E+01
 
   1.260000E+02   7.600000E+01   1.260000E+02   7.500000E+01
   1.260000E+02   7.400000E+01   1.256000E+02   7.500000E+01
 
   1.260000E+02   7.400000E+01   1.260000E+02   7.300000E+01
   1.260000E+02   7.200000E+01   1.256000E+02   7.300000E+01
 
   1.260000E+02   7.200000E+01   1.260000E+02   7.150000E+01
   1.260000E+02   7.100000E+01   1.258000E+02   7.150000E+01
 
   1.260000E+02   7.100000E+01   1.260000E+02   7.045000E+01
   1.260000E+02   6.990000E+01   1.257800E+02   7.045000E+01
 
   1.260000E+02   6.990000E+01   1.259500E+02   6.990000E+01
   1.259000E+02   6.990000E+01   1.259500E+02   6.992000E+01
 
   1.259000E+02   6.990000E+01   1.259000E+02   6.970000E+01
   1.259000E+02   6.950000E+01   1.258200E+02   6.970000E+01
 
   1.259000E+02   6.950000E+01   1.259500E+02   6.950000E+01
   1.260000E+02   6.950000E+01   1.259500E+02   6.948000E+01
 
   1.260000E+02   6.950000E+01   1.260000E+02   6.712500E+01
   1.260000E+02   6.475000E+01   1.250500E+02   6.712500E+01
 
   1.260000E+02   6.000000E+01   1.260000E+02   5.812500E+01
   1.260000E+02   5.625000E+01   1.252500E+02   5.812500E+01
 
   1.260000E+02   3.000000E+01   1.260000E+02   2.750000E+01
   1.260000E+02   2.500000E+01   1.250000E+02   2.750000E+01
 
   1.260000E+02   2.000000E+01   1.260000E+02   1.750000E+01
   1.260000E+02   1.500000E+01   1.250000E+02   1.750000E+01
 
   1.260000E+02   1.000000E+01   1.260000E+02   7.500000E+00
   1.260000E+02   5.000000E+00   1.250000E+02   7.500000E+00
 
   1.260000E+02   5.000000E+00   1.260000E+02   2.600000E+00
   1.260000E+02   2.000000E-01   1.250400E+02   2.600000E+00
 
   1.260000E+02   2.000000E-01   1.259500E+02   2.000000E-01
   1.259000E+02   2.000000E-01   1.259500E+02   2.200000E-01
 
   1.259000E+02   2.000000E-01   1.259000E+02   0.000000E+00
   1.259000E+02  -2.000000E-01   1.258200E+02   0.000000E+00
 
   1.259000E+02  -2.000000E-01   1.259500E+02  -2.000000E-01
   1.260000E+02  -2.000000E-01   1.259500E+02  -2.200000E-01
 
   1.260000E+02  -2.000000E-01   1.260000E+02  -2.600000E+00
   1.260000E+02  -5.000000E+00   1.250400E+02  -2.600000E+00
 
   1.260000E+02  -5.000000E+00   1.260000E+02  -7.500000E+00
   1.260000E+02  -1.000000E+01   1.250000E+02  -7.500000E+00
 
   1.260000E+02  -1.000000E+01   1.260000E+02  -1.250000E+01
   1.260000E+02  -1.500000E+01   1.250000E+02  -1.250000E+01
 
   1.260000E+02  -2.000000E+01   1.260000E+02  -2.250000E+01
   1.260000E+02  -2.500000E+01   1.250000E+02  -2.250000E+01
 
   1.260000E+02  -3.000000E+01   1.260000E+02  -3.250000E+01
   1.260000E+02  -3.500000E+01   1.250000E+02  -3.250000E+01
 
   1.260000E+02  -4.000000E+01   1.259500E+02  -4.000000E+01
   1.259000E+02  -4.000000E+01   1.259500E+02  -3.998000E+01
 
   1.259000E+02  -4.000000E+01   1.259000E+02  -4.020000E+01
   1.259000E+02  -4.040000E+01   1.258200E+02  -4.020000E+01
 
   1.259000E+02  -4.040000E+01   1.259500E+02  -4.040000E+01
   1.260000E+02  -4.040000E+01   1.259500E+02  -4.042000E+01
 
   1.260000E+02  -4.040000E+01   1.260000E+02  -4.220000E+01
   1.260000E+02  -4.400000E+01   1.252800E+02  -4.220000E+01
 
   1.260000E+02  -4.400000E+01   1.260000E+02  -4.600000E+01
   1.260000E+02  -4.800000E+01   1.252000E+02  -4.600000E+01
 
   1.260000E+02  -4.800000E+01   1.260000E+02  -5.000000E+01
   1.260000E+02  -5.200000E+01   1.252000E+02  -5.000000E+01
 
   1.260000E+02  -5.200000E+01   1.260000E+02  -5.400000E+01
   1.260000E+02  -5.600000E+01   1.252000E+02  -5.400000E+01
 
   1.260000E+02  -5.600000E+01   1.260000E+02  -5.820000E+01
   1.260000E+02  -6.040000E+01   1.251200E+02  -5.820000E+01
 
   1.260000E+02  -6.040000E+01   1.260000E+02  -6.070000E+01
   1.260000E+02  -6.100000E+01   1.258800E+02  -6.070000E+01
 
   1.260000E+02  -6.100000E+01   1.260000E+02  -6.200000E+01
   1.260000E+02  -6.300000E+01   1.256000E+02  -6.200000E+01
 
   1.260000E+02  -6.300000E+01   1.260000E+02  -6.400000E+01
   1.260000E+02  -6.500000E+01   1.256000E+02  -6.400000E+01
 
   1.260000E+02  -6.500000E+01   1.260000E+02  -6.600000E+01
   1.260000E+02  -6.700000E+01   1.256000E+02  -6.600000E+01
 
   1.260000E+02  -6.700000E+01   1.260000E+02  -6.788720E+01
   1.260000E+02  -6.877439E+01   1.256451E+02  -6.788720E+01
 
   1.260000E+02  -6.877439E+01   1.260666E+02  -6.858556E+01
   1.261332E+02  -6.839673E+01   1.261421E+02  -6.861220E+01
 
   1.261332E+02  -6.839673E+01   1.262853E+02  -6.793336E+01
   1.264374E+02  -6.746999E+01   1.264707E+02  -6.799421E+01
 
   1.264374E+02  -6.746999E+01   1.266252E+02  -6.679793E+01
   1.268129E+02  -6.612587E+01   1.268940E+02  -6.687303E+01
 
   1.268129E+02  -6.612587E+01   1.270014E+02  -6.532094E+01
   1.271899E+02  -6.451601E+01   1.273234E+02  -6.539633E+01
 
   1.271899E+02  -6.451601E+01   1.273485E+02  -6.365778E+01
   1.275072E+02  -6.279954E+01   1.276918E+02  -6.372125E+01
 
   1.275072E+02  -6.279954E+01   1.276301E+02  -6.197047E+01
   1.277529E+02  -6.114141E+01   1.279617E+02  -6.201962E+01
 
   1.277529E+02  -6.114141E+01   1.278395E+02  -6.042159E+01
   1.279260E+02  -5.970178E+01   1.281274E+02  -6.045620E+01
 
   1.279260E+02  -5.970178E+01   1.279793E+02  -5.916747E+01
   1.280326E+02  -5.863317E+01   1.281930E+02  -5.918879E+01
 
   1.280326E+02  -5.863317E+01   1.280634E+02  -5.827059E+01
   1.280942E+02  -5.790800E+01   1.282084E+02  -5.828290E+01
 
   1.280942E+02  -5.790800E+01   1.281174E+02  -5.762241E+01
   1.281406E+02  -5.733682E+01   1.282316E+02  -5.763170E+01
 
   1.281406E+02  -5.733682E+01   1.281623E+02  -5.702504E+01
   1.281841E+02  -5.671327E+01   1.282870E+02  -5.703374E+01
 
   1.281841E+02  -5.671327E+01   1.282099E+02  -5.631220E+01
   1.282358E+02  -5.591112E+01   1.283704E+02  -5.632254E+01
 
   1.282358E+02  -5.591112E+01   1.282647E+02  -5.538839E+01
   1.282935E+02  -5.486566E+01   1.284737E+02  -5.539993E+01
 
   1.282935E+02  -5.486566E+01   1.283209E+02  -5.424977E+01
   1.283483E+02  -5.363388E+01   1.285673E+02  -5.426073E+01
 
   1.283483E+02  -5.363388E+01   1.283704E+02  -5.299430E+01
   1.283926E+02  -5.235473E+01   1.286263E+02  -5.300317E+01
 
   1.283926E+02  -5.235473E+01   1.284083E+02  -5.175956E+01
   1.284240E+02  -5.116438E+01   1.286464E+02  -5.176583E+01
 
   1.284240E+02  -5.116438E+01   1.284343E+02  -5.064218E+01
   1.284447E+02  -5.011997E+01   1.286432E+02  -5.064632E+01
 
   1.284447E+02  -5.011997E+01   1.284518E+02  -4.964400E+01
   1.284588E+02  -4.916803E+01   1.286422E+02  -4.964683E+01
 
   1.284588E+02  -4.916803E+01   1.284636E+02  -4.867254E+01
   1.284684E+02  -4.817706E+01   1.286618E+02  -4.867445E+01
 
   1.284684E+02  -4.817706E+01   1.284718E+02  -4.753025E+01
   1.284752E+02  -4.688344E+01   1.287305E+02  -4.753162E+01
 
   1.284752E+02  -4.688344E+01   1.284744E+02  -4.586548E+01
   1.284735E+02  -4.484752E+01   1.288815E+02  -4.586515E+01
 
   1.284735E+02  -4.484752E+01   1.284629E+02  -4.335226E+01
   1.284522E+02  -4.185700E+01   1.290610E+02  -4.334800E+01
 
   1.284522E+02  -4.185700E+01   1.284271E+02  -3.990056E+01
   1.284020E+02  -3.794412E+01   1.292097E+02  -3.989053E+01
 
   1.284020E+02  -3.794412E+01   1.283644E+02  -3.557946E+01
   1.283268E+02  -3.321480E+01   1.293103E+02  -3.556442E+01
 
   1.283268E+02  -3.321480E+01   1.282843E+02  -3.050417E+01
   1.282419E+02  -2.779355E+01   1.293686E+02  -3.048719E+01
 
   1.282419E+02  -2.779355E+01   1.282055E+02  -2.479475E+01
   1.281691E+02  -2.179596E+01   1.294050E+02  -2.478019E+01
 
   1.281691E+02  -2.179596E+01   1.281598E+02  -2.017629E+01
   1.281505E+02  -1.855663E+01   1.288077E+02  -2.017258E+01
 
   1.281319E+02  -1.531730E+01   1.281376E+02  -1.359601E+01
   1.281433E+02  -1.187472E+01   1.288262E+02  -1.359828E+01
 
   1.281547E+02  -8.432144E+00   1.281814E+02  -6.623627E+00
   1.282082E+02  -4.815110E+00   1.289049E+02  -6.634328E+00
 
   1.282617E+02  -1.198076E+00   1.283167E+02   6.862352E-01
   1.283718E+02   2.570546E+00   1.290705E+02   6.642178E-01
 
   1.284819E+02   6.339169E+00   1.285715E+02   8.289701E+00
   1.286610E+02   1.024023E+01   1.293517E+02   8.253870E+00
 
   1.288402E+02   1.414130E+01   1.289697E+02   1.615011E+01
   1.290992E+02   1.815892E+01   1.297732E+02   1.609830E+01
 
   1.293583E+02   2.217655E+01   1.295326E+02   2.423787E+01
   1.297069E+02   2.629920E+01   1.303571E+02   2.416816E+01
 
   1.300555E+02   3.042184E+01   1.302799E+02   3.253147E+01
   1.305044E+02   3.464110E+01   1.311238E+02   3.244168E+01
 
   1.309534E+02   3.886037E+01   1.312294E+02   4.101945E+01
   1.315055E+02   4.317853E+01   1.320931E+02   4.090902E+01
 
   1.320576E+02   4.749669E+01   1.323843E+02   4.972930E+01
   1.327110E+02   5.196192E+01   1.332774E+02   4.959863E+01
 
   1.333643E+02   5.642715E+01   1.337633E+02   5.890126E+01
   1.341623E+02   6.137536E+01   1.347529E+02   5.874167E+01
 
   1.349602E+02   6.632356E+01   1.353204E+02   6.844746E+01
   1.356806E+02   7.057136E+01   1.361700E+02   6.830338E+01
 
   1.378417E+02   8.331474E+01   1.401484E+02   8.329128E+01
   1.424550E+02   8.326781E+01   1.401390E+02   8.236862E+01
 
   1.562949E+02   8.312704E+01   1.590875E+02   8.219210E+01
   1.618801E+02   8.125716E+01   1.587136E+02   8.107506E+01
 
   1.674653E+02   7.938727E+01   1.697491E+02   7.837212E+01
   1.720329E+02   7.735698E+01   1.693431E+02   7.745860E+01
 
   1.766006E+02   7.532668E+01   1.787040E+02   7.413825E+01
   1.808075E+02   7.294981E+01   1.782286E+02   7.329686E+01
 
   1.850144E+02   7.057293E+01   1.869614E+02   6.919561E+01
   1.889084E+02   6.781829E+01   1.864105E+02   6.841681E+01
 
   1.928025E+02   6.506365E+01   1.945805E+02   6.350578E+01
   1.963585E+02   6.194790E+01   1.939573E+02   6.279458E+01
 
   1.999145E+02   5.883214E+01   2.015114E+02   5.711275E+01
   2.031084E+02   5.539335E+01   2.008237E+02   5.647396E+01
 
   2.063023E+02   5.195456E+01   2.077026E+02   5.009156E+01
   2.091028E+02   4.822856E+01   2.069574E+02   4.953146E+01
 
   2.119033E+02   4.450256E+01   2.130896E+02   4.251620E+01
   2.142759E+02   4.052984E+01   2.122951E+02   4.204167E+01
 
   2.166486E+02   3.655711E+01   2.176027E+02   3.447004E+01
   2.185568E+02   3.238297E+01   2.167678E+02   3.408841E+01
 
   2.204649E+02   2.820883E+01   2.211711E+02   2.604864E+01
   2.218772E+02   2.388844E+01   2.203070E+02   2.576618E+01
 
   2.232895E+02   1.956805E+01   2.237396E+02   1.736612E+01
   2.241896E+02   1.516418E+01   2.228588E+02   1.718609E+01
 
   2.250898E+02   1.076032E+01   2.252783E+02   8.550134E+00
   2.254668E+02   6.339949E+00   2.243942E+02   8.474732E+00
 
   2.258438E+02   1.919578E+00   2.257801E+02  -2.642072E-01
   2.257164E+02  -2.447992E+00   2.249066E+02  -2.387238E-01
 
   2.255889E+02  -6.815563E+00   2.252857E+02  -8.941697E+00
   2.249824E+02  -1.106783E+01   2.244352E+02  -8.820384E+00
 
   2.243758E+02  -1.532010E+01   2.238531E+02  -1.736052E+01
   2.233305E+02  -1.940095E+01   2.230370E+02  -1.715145E+01
 
   2.222851E+02  -2.348180E+01   2.215701E+02  -2.541417E+01
   2.208550E+02  -2.734654E+01   2.207971E+02  -2.512815E+01
 
   2.194250E+02  -3.121129E+01   2.185480E+02  -3.302057E+01
   2.176710E+02  -3.482984E+01   2.178243E+02  -3.266977E+01
 
   2.159170E+02  -3.844839E+01   2.149078E+02  -4.012486E+01
   2.138986E+02  -4.180133E+01   2.142372E+02  -3.972118E+01
 
   2.118802E+02  -4.515426E+01   2.107683E+02  -4.669325E+01
   2.096564E+02  -4.823224E+01   2.101527E+02  -4.624848E+01
 
   2.074325E+02  -5.131022E+01   2.062478E+02  -5.271244E+01
   2.050632E+02  -5.411467E+01   2.056870E+02  -5.223858E+01
 
   2.026938E+02  -5.691912E+01   2.014640E+02  -5.818887E+01
   2.002343E+02  -5.945863E+01   2.009561E+02  -5.769696E+01
 
   1.977747E+02  -6.199813E+01   1.965273E+02  -6.314439E+01
   1.952799E+02  -6.429064E+01   1.960688E+02  -6.264543E+01
 
   1.927851E+02  -6.658315E+01   1.915455E+02  -6.761867E+01
   1.903060E+02  -6.865418E+01   1.911313E+02  -6.712286E+01
 
   1.878270E+02  -7.072522E+01   1.866169E+02  -7.166162E+01
   1.854069E+02  -7.259802E+01   1.862424E+02  -7.117761E+01
 
   1.829868E+02  -7.447082E+01   1.806704E+02  -7.617187E+01
   1.783540E+02  -7.787293E+01   1.799900E+02  -7.524532E+01
 
   1.783540E+02  -7.787293E+01   1.761823E+02  -7.942756E+01
   1.740106E+02  -8.098219E+01   1.755605E+02  -7.855887E+01
 
   1.740106E+02  -8.098219E+01   1.720345E+02  -8.241399E+01
   1.700583E+02  -8.384578E+01   1.714617E+02  -8.162353E+01
 
   1.700583E+02  -8.384578E+01   1.683277E+02  -8.516472E+01
   1.665971E+02  -8.648367E+01   1.678001E+02  -8.447248E+01
 
   1.665971E+02  -8.648367E+01   1.651596E+02  -8.768768E+01
   1.637222E+02  -8.889169E+01   1.646780E+02  -8.711269E+01
 
   1.637222E+02  -8.889169E+01   1.626110E+02  -8.995244E+01
   1.614998E+02  -9.101320E+01   1.621867E+02  -8.950796E+01
 
   1.614998E+02  -9.101320E+01   1.607089E+02  -9.187972E+01
   1.599180E+02  -9.274624E+01   1.603623E+02  -9.156335E+01
 
   1.599180E+02  -9.274624E+01   1.594344E+02  -9.334867E+01
   1.589509E+02  -9.395111E+01   1.591934E+02  -9.315526E+01
 
   1.589509E+02  -9.395111E+01   1.586534E+02  -9.435601E+01
   1.583559E+02  -9.476092E+01   1.584914E+02  -9.423701E+01
 
   1.583559E+02  -9.476092E+01   1.581291E+02  -9.509722E+01
   1.579024E+02  -9.543352E+01   1.579946E+02  -9.500652E+01
 
   1.579024E+02  -9.543352E+01   1.577100E+02  -9.573009E+01
   1.575175E+02  -9.602666E+01   1.575913E+02  -9.565312E+01
 
   1.575175E+02  -9.602666E+01   1.573550E+02  -9.630268E+01
   1.571926E+02  -9.657870E+01   1.572446E+02  -9.623768E+01
 
   1.571926E+02  -9.657870E+01   1.570413E+02  -9.684009E+01
   1.568901E+02  -9.710148E+01   1.569368E+02  -9.677961E+01
 
   1.568901E+02  -9.710148E+01   1.567487E+02  -9.736854E+01
   1.566072E+02  -9.763560E+01   1.566418E+02  -9.731195E+01
 
   1.566072E+02  -9.763560E+01   1.564573E+02  -9.792935E+01
   1.563075E+02  -9.822311E+01   1.563398E+02  -9.786941E+01
 
   1.563075E+02  -9.822311E+01   1.561444E+02  -9.857478E+01
   1.559814E+02  -9.892646E+01   1.560038E+02  -9.850957E+01
 
   1.559814E+02  -9.892646E+01   1.557855E+02  -9.938053E+01
   1.555895E+02  -9.983461E+01   1.556038E+02  -9.930215E+01
 
   1.555895E+02  -9.983461E+01   1.553459E+02  -1.004836E+02
   1.551023E+02  -1.011325E+02   1.550863E+02  -1.003861E+02
 
   1.551023E+02  -1.011325E+02   1.547993E+02  -1.021191E+02
   1.544964E+02  -1.031057E+02   1.544047E+02  -1.019979E+02
 
   1.544964E+02  -1.031057E+02   1.541996E+02  -1.044389E+02
   1.539028E+02  -1.057721E+02   1.536663E+02  -1.043202E+02
 
   1.539028E+02  -1.057721E+02   1.536769E+02  -1.073517E+02
   1.534509E+02  -1.089314E+02   1.530450E+02  -1.072614E+02
 
   1.534509E+02  -1.089314E+02   1.533271E+02  -1.106536E+02
   1.532033E+02  -1.123759E+02   1.526382E+02  -1.106041E+02
 
   1.532033E+02  -1.123759E+02   1.531752E+02  -1.141417E+02
   1.531471E+02  -1.159075E+02   1.524689E+02  -1.141304E+02
 
   1.531471E+02  -1.159075E+02   1.531964E+02  -1.176424E+02
   1.532457E+02  -1.193774E+02   1.525024E+02  -1.176621E+02
 
   1.532457E+02  -1.193774E+02   1.533503E+02  -1.210343E+02
   1.534549E+02  -1.226912E+02   1.526875E+02  -1.210762E+02
 
   1.534549E+02  -1.226912E+02   1.535962E+02  -1.242409E+02
   1.537375E+02  -1.257906E+02   1.529763E+02  -1.242975E+02
 
   1.537375E+02  -1.257906E+02   1.539003E+02  -1.272123E+02
   1.540631E+02  -1.286339E+02   1.533316E+02  -1.272774E+02
 
   1.540631E+02  -1.286339E+02   1.542339E+02  -1.299085E+02
   1.544048E+02  -1.311832E+02   1.537241E+02  -1.299769E+02
 
   1.544048E+02  -1.311832E+02   1.545717E+02  -1.322909E+02
   1.547387E+02  -1.333987E+02   1.541286E+02  -1.323577E+02
 
   1.547387E+02  -1.333987E+02   1.548903E+02  -1.343180E+02
   1.550419E+02  -1.352374E+02   1.545225E+02  -1.343787E+02
 
   1.550419E+02  -1.352374E+02   1.551652E+02  -1.359453E+02
   1.552884E+02  -1.366533E+02   1.548820E+02  -1.359947E+02
 
   1.552884E+02  -1.366533E+02   1.553744E+02  -1.371245E+02
   1.554604E+02  -1.375957E+02   1.551859E+02  -1.371589E+02
 
   1.554604E+02  -1.375957E+02   1.554992E+02  -1.378038E+02
   1.555380E+02  -1.380120E+02   1.554159E+02  -1.378193E+02
 
   1.555380E+02  -1.380120E+02   1.557690E+02  -1.382430E+02
   1.560000E+02  -1.384740E+02   1.556766E+02  -1.383354E+02
 
   1.560000E+02  -1.384740E+02   1.570000E+02  -1.394740E+02
   1.580000E+02  -1.404740E+02   1.566000E+02  -1.398740E+02
 
   1.580000E+02  -1.404740E+02   1.590000E+02  -1.414740E+02
   1.600000E+02  -1.424740E+02   1.586000E+02  -1.418740E+02
 
   1.600000E+02  -1.424740E+02   1.603590E+02  -1.428330E+02
   1.607180E+02  -1.431920E+02   1.602154E+02  -1.429766E+02
 
   1.607180E+02  -1.431920E+02   1.626262E+02  -1.431920E+02
   1.645345E+02  -1.431920E+02   1.626262E+02  -1.439553E+02
 
   1.683510E+02  -1.431920E+02   1.683510E+02  -1.446670E+02
   1.683510E+02  -1.461420E+02   1.677610E+02  -1.446670E+02
 
   1.683510E+02  -1.461420E+02   1.661362E+02  -1.461410E+02
   1.639215E+02  -1.461400E+02   1.661367E+02  -1.452551E+02
 
   1.594920E+02  -1.461380E+02   1.601815E+02  -1.468625E+02
   1.608710E+02  -1.475870E+02   1.598917E+02  -1.471383E+02
 
   1.608710E+02  -1.475870E+02   1.599870E+02  -1.484710E+02
   1.591030E+02  -1.493550E+02   1.596334E+02  -1.481174E+02
 
   1.591030E+02  -1.493550E+02   1.585515E+02  -1.488035E+02
   1.580000E+02  -1.482520E+02   1.587721E+02  -1.485829E+02
 
   1.580000E+02  -1.482520E+02   1.570000E+02  -1.472520E+02
   1.560000E+02  -1.462520E+02   1.574000E+02  -1.468520E+02
 
   1.560000E+02  -1.462520E+02   1.542500E+02  -1.445020E+02
   1.525000E+02  -1.427520E+02   1.549500E+02  -1.438020E+02
 
   1.420000E+02  -1.322520E+02   1.400000E+02  -1.302520E+02
   1.380000E+02  -1.282520E+02   1.408000E+02  -1.294520E+02
 
   1.340000E+02  -1.242520E+02   1.320555E+02  -1.223075E+02
   1.301110E+02  -1.203630E+02   1.328333E+02  -1.215297E+02
 
   1.301110E+02  -1.203630E+02   1.291110E+02  -1.193630E+02
   1.281110E+02  -1.183630E+02   1.295110E+02  -1.189630E+02
 
   1.281110E+02  -1.183630E+02   1.271110E+02  -1.173630E+02
   1.261110E+02  -1.163630E+02   1.275110E+02  -1.169630E+02
 
   1.261110E+02  -1.163630E+02   1.251110E+02  -1.153630E+02
   1.241110E+02  -1.143630E+02   1.255110E+02  -1.149630E+02
 
   1.241110E+02  -1.143630E+02   1.236110E+02  -1.138630E+02
   1.231110E+02  -1.133630E+02   1.238110E+02  -1.136630E+02
 
   1.231110E+02  -1.133630E+02   1.231610E+02  -1.133130E+02
   1.232110E+02  -1.132630E+02   1.231810E+02  -1.133330E+02
 
   1.232110E+02  -1.132630E+02   1.227110E+02  -1.127630E+02
   1.222110E+02  -1.122630E+02   1.229110E+02  -1.125630E+02
 
   1.222110E+02  -1.122630E+02   1.221610E+02  -1.123130E+02
   1.221110E+02  -1.123630E+02   1.221410E+02  -1.122930E+02
 
   1.221110E+02  -1.123630E+02   1.220100E+02  -1.122620E+02
   1.219090E+02  -1.121610E+02   1.220504E+02  -1.122216E+02
 
   1.219090E+02  -1.121610E+02   1.214545E+02  -1.108305E+02
   1.210000E+02  -1.095000E+02   1.219867E+02  -1.106487E+02
 
   1.210000E+02  -1.095000E+02   1.210000E+02  -1.086915E+02
   1.210000E+02  -1.078830E+02   1.213234E+02  -1.086915E+02
 
   1.210000E+02  -1.078830E+02   1.210000E+02  -1.059123E+02
   1.210000E+02  -1.039415E+02   1.217883E+02  -1.059123E+02
 
   1.210000E+02  -1.000000E+02   1.210000E+02  -9.843750E+01
   1.210000E+02  -9.687500E+01   1.216250E+02  -9.843750E+01
 
   1.210000E+02  -7.500000E+01   1.210000E+02  -7.245000E+01
   1.210000E+02  -6.990000E+01   1.220200E+02  -7.245000E+01
 
   1.210000E+02  -6.990000E+01   1.210000E+02  -6.752500E+01
   1.210000E+02  -6.515000E+01   1.219500E+02  -6.752500E+01
 
   1.210000E+02  -6.040000E+01   1.210000E+02  -5.790000E+01
   1.210000E+02  -5.540000E+01   1.220000E+02  -5.790000E+01
 
   1.210000E+02  -4.040000E+01   1.210500E+02  -4.040000E+01
   1.211000E+02  -4.040000E+01   1.210500E+02  -4.042000E+01
 
   1.211000E+02  -4.040000E+01   1.211000E+02  -4.020000E+01
   1.211000E+02  -4.000000E+01   1.211800E+02  -4.020000E+01
 
   1.211000E+02  -4.000000E+01   1.210500E+02  -4.000000E+01
   1.210000E+02  -4.000000E+01   1.210500E+02  -3.998000E+01
 
   1.210000E+02  -4.000000E+01   1.210000E+02  -3.751250E+01
   1.210000E+02  -3.502500E+01   1.219950E+02  -3.751250E+01
 
   1.210000E+02  -2.000000E-01   1.210500E+02  -2.000000E-01
   1.211000E+02  -2.000000E-01   1.210500E+02  -2.200000E-01
 
   1.211000E+02  -2.000000E-01   1.211000E+02   0.000000E+00
   1.211000E+02   2.000000E-01   1.211800E+02   0.000000E+00
 
   1.210000E+02   3.485000E+01   1.210000E+02   3.701562E+01
   1.210000E+02   3.918125E+01   1.218663E+02   3.701562E+01
 
   1.210000E+02   1.752500E+01   1.210000E+02   1.969063E+01
   1.210000E+02   2.185625E+01   1.218663E+02   1.969063E+01
 
   1.210000E+02   8.862500E+00   1.210000E+02   1.102813E+01
   1.210000E+02   1.319375E+01   1.218663E+02   1.102813E+01
 
   1.210000E+02   4.531250E+00   1.210000E+02   6.696875E+00
   1.210000E+02   8.862500E+00   1.218663E+02   6.696875E+00
 
   1.210000E+02   8.750000E+01   1.210000E+02   8.906250E+01
   1.210000E+02   9.062500E+01   1.216250E+02   8.906250E+01
 
   1.210000E+02   8.125000E+01   1.210000E+02   8.281250E+01
   1.210000E+02   8.437500E+01   1.216250E+02   8.281250E+01
 
   1.210000E+02   7.812500E+01   1.210000E+02   7.968750E+01
   1.210000E+02   8.125000E+01   1.216250E+02   7.968750E+01
 
   1.210000E+02   1.040000E+02   1.210000E+02   1.060000E+02
   1.210000E+02   1.080000E+02   1.218000E+02   1.060000E+02
 
   1.310000E+02   1.212520E+02   1.325000E+02   1.227520E+02
   1.340000E+02   1.242520E+02   1.331000E+02   1.221520E+02
 
   1.380000E+02   1.282520E+02   1.400000E+02   1.302520E+02
   1.420000E+02   1.322520E+02   1.408000E+02   1.294520E+02
 
   1.490000E+02   1.392520E+02   1.507500E+02   1.410020E+02
   1.525000E+02   1.427520E+02   1.514500E+02   1.403020E+02
 
   1.455000E+02   1.357520E+02   1.472500E+02   1.375020E+02
   1.490000E+02   1.392520E+02   1.479500E+02   1.368020E+02
 
   1.639215E+02   1.461400E+02   1.661362E+02   1.461410E+02
   1.683510E+02   1.461420E+02   1.661367E+02   1.452551E+02
 
   1.645345E+02   1.431920E+02   1.626262E+02   1.431920E+02
   1.607180E+02   1.431920E+02   1.626262E+02   1.439553E+02
 
   1.350000E+02   1.174740E+02   1.335000E+02   1.159740E+02
   1.320000E+02   1.144740E+02   1.329000E+02   1.165740E+02
 
   1.260000E+02   9.000000E+01   1.260000E+02   8.750000E+01
   1.260000E+02   8.500000E+01   1.250000E+02   8.750000E+01
 
   1.260000E+02   9.500000E+01   1.260000E+02   9.250000E+01
   1.260000E+02   9.000000E+01   1.250000E+02   9.250000E+01
 
   1.260000E+02   6.475000E+01   1.260000E+02   6.237500E+01
   1.260000E+02   6.000000E+01   1.250500E+02   6.237500E+01
 
   1.260000E+02   4.500000E+01   1.260000E+02   4.312500E+01
   1.260000E+02   4.125000E+01   1.252500E+02   4.312500E+01
 
   1.260000E+02   5.250000E+01   1.260000E+02   5.062500E+01
   1.260000E+02   4.875000E+01   1.252500E+02   5.062500E+01
 
   1.260000E+02   5.625000E+01   1.260000E+02   5.437500E+01
   1.260000E+02   5.250000E+01   1.252500E+02   5.437500E+01
 
   1.260000E+02   2.500000E+01   1.260000E+02   2.250000E+01
   1.260000E+02   2.000000E+01   1.250000E+02   2.250000E+01
 
   1.260000E+02   1.500000E+01   1.260000E+02   1.250000E+01
   1.260000E+02   1.000000E+01   1.250000E+02   1.250000E+01
 
   1.260000E+02  -1.500000E+01   1.260000E+02  -1.750000E+01
   1.260000E+02  -2.000000E+01   1.250000E+02  -1.750000E+01
 
   1.260000E+02  -2.500000E+01   1.260000E+02  -2.750000E+01
   1.260000E+02  -3.000000E+01   1.250000E+02  -2.750000E+01
 
   1.260000E+02  -3.500000E+01   1.260000E+02  -3.750000E+01
   1.260000E+02  -4.000000E+01   1.250000E+02  -3.750000E+01
 
   1.281505E+02  -1.855663E+01   1.281412E+02  -1.693696E+01
   1.281319E+02  -1.531730E+01   1.287891E+02  -1.693325E+01
 
   1.281433E+02  -1.187472E+01   1.281490E+02  -1.015343E+01
   1.281547E+02  -8.432144E+00   1.288375E+02  -1.015571E+01
 
   1.282082E+02  -4.815110E+00   1.282350E+02  -3.006593E+00
   1.282617E+02  -1.198076E+00   1.289584E+02  -3.017294E+00
 
   1.283718E+02   2.570546E+00   1.284268E+02   4.454858E+00
   1.284819E+02   6.339169E+00   1.291806E+02   4.432840E+00
 
   1.286610E+02   1.024023E+01   1.287506E+02   1.219076E+01
   1.288402E+02   1.414130E+01   1.295308E+02   1.215493E+01
 
   1.290992E+02   1.815892E+01   1.292288E+02   2.016774E+01
   1.293583E+02   2.217655E+01   1.300323E+02   2.011593E+01
 
   1.297069E+02   2.629920E+01   1.298812E+02   2.836052E+01
   1.300555E+02   3.042184E+01   1.307057E+02   2.829080E+01
 
   1.305044E+02   3.464110E+01   1.307289E+02   3.675074E+01
   1.309534E+02   3.886037E+01   1.315727E+02   3.666095E+01
 
   1.315055E+02   4.317853E+01   1.317816E+02   4.533761E+01
   1.320576E+02   4.749669E+01   1.326452E+02   4.522718E+01
 
   1.327110E+02   5.196192E+01   1.330377E+02   5.419454E+01
   1.333643E+02   5.642715E+01   1.339307E+02   5.406387E+01
 
   1.341623E+02   6.137536E+01   1.345612E+02   6.384946E+01
   1.349602E+02   6.632356E+01   1.355509E+02   6.368987E+01
 
   1.364010E+02   7.481915E+01   1.367612E+02   7.694305E+01
   1.371214E+02   7.906694E+01   1.376107E+02   7.679897E+01
 
   1.356806E+02   7.057136E+01   1.360408E+02   7.269525E+01
   1.364010E+02   7.481915E+01   1.368903E+02   7.255118E+01
 
   1.470683E+02   8.322089E+01   1.493750E+02   8.319743E+01
   1.516816E+02   8.317397E+01   1.493656E+02   8.227477E+01
 
   1.424550E+02   8.326781E+01   1.447617E+02   8.324435E+01
   1.470683E+02   8.322089E+01   1.447523E+02   8.232169E+01
 
   1.618801E+02   8.125716E+01   1.646727E+02   8.032221E+01
   1.674653E+02   7.938727E+01   1.642987E+02   7.920517E+01
 
   1.720329E+02   7.735698E+01   1.743167E+02   7.634183E+01
   1.766006E+02   7.532668E+01   1.739107E+02   7.542831E+01
 
   1.808075E+02   7.294981E+01   1.829109E+02   7.176137E+01
   1.850144E+02   7.057293E+01   1.824356E+02   7.091999E+01
 
   1.889084E+02   6.781829E+01   1.908554E+02   6.644097E+01
   1.928025E+02   6.506365E+01   1.903045E+02   6.566217E+01
 
   1.963585E+02   6.194790E+01   1.981365E+02   6.039002E+01
   1.999145E+02   5.883214E+01   1.975133E+02   5.967882E+01
 
   2.031084E+02   5.539335E+01   2.047053E+02   5.367396E+01
   2.063023E+02   5.195456E+01   2.040176E+02   5.303517E+01
 
   2.091028E+02   4.822856E+01   2.105031E+02   4.636556E+01
   2.119033E+02   4.450256E+01   2.097579E+02   4.580546E+01
 
   2.142759E+02   4.052984E+01   2.154623E+02   3.854347E+01
   2.166486E+02   3.655711E+01   2.146677E+02   3.806895E+01
 
   2.185568E+02   3.238297E+01   2.195108E+02   3.029590E+01
   2.204649E+02   2.820883E+01   2.186760E+02   2.991427E+01
 
   2.218772E+02   2.388844E+01   2.225834E+02   2.172825E+01
   2.232895E+02   1.956805E+01   2.217193E+02   2.144579E+01
 
   2.241896E+02   1.516418E+01   2.246397E+02   1.296225E+01
   2.250898E+02   1.076032E+01   2.237589E+02   1.278223E+01
 
   2.254668E+02   6.339949E+00   2.256553E+02   4.129763E+00
   2.258438E+02   1.919578E+00   2.247712E+02   4.054362E+00
 
   2.257164E+02  -2.447992E+00   2.256527E+02  -4.631778E+00
   2.255889E+02  -6.815563E+00   2.247791E+02  -4.606294E+00
 
   2.249824E+02  -1.106783E+01   2.246791E+02  -1.319397E+01
   2.243758E+02  -1.532010E+01   2.238286E+02  -1.307265E+01
 
   2.233305E+02  -1.940095E+01   2.228078E+02  -2.144137E+01
   2.222851E+02  -2.348180E+01   2.219916E+02  -2.123230E+01
 
   2.208550E+02  -2.734654E+01   2.201400E+02  -2.927892E+01
   2.194250E+02  -3.121129E+01   2.193670E+02  -2.899290E+01
 
   2.176710E+02  -3.482984E+01   2.167940E+02  -3.663912E+01
   2.159170E+02  -3.844839E+01   2.160703E+02  -3.628832E+01
 
   2.138986E+02  -4.180133E+01   2.128894E+02  -4.347780E+01
   2.118802E+02  -4.515426E+01   2.122188E+02  -4.307412E+01
 
   2.096564E+02  -4.823224E+01   2.085444E+02  -4.977123E+01
   2.074325E+02  -5.131022E+01   2.079288E+02  -4.932646E+01
 
   2.050632E+02  -5.411467E+01   2.038785E+02  -5.551689E+01
   2.026938E+02  -5.691912E+01   2.033176E+02  -5.504303E+01
 
   2.002343E+02  -5.945863E+01   1.990045E+02  -6.072838E+01
   1.977747E+02  -6.199813E+01   1.984966E+02  -6.023646E+01
 
   1.952799E+02  -6.429064E+01   1.940325E+02  -6.543689E+01
   1.927851E+02  -6.658315E+01   1.935740E+02  -6.493793E+01
 
   1.903060E+02  -6.865418E+01   1.890665E+02  -6.968970E+01
   1.878270E+02  -7.072522E+01   1.886523E+02  -6.919389E+01
 
   1.854069E+02  -7.259802E+01   1.841969E+02  -7.353442E+01
   1.829868E+02  -7.447082E+01   1.838223E+02  -7.305041E+01
 
   1.645345E+02  -1.431920E+02   1.664427E+02  -1.431920E+02
   1.683510E+02  -1.431920E+02   1.664427E+02  -1.439553E+02
 
   1.639215E+02  -1.461400E+02   1.617067E+02  -1.461390E+02
   1.594920E+02  -1.461380E+02   1.617072E+02  -1.452531E+02
 
   1.490000E+02  -1.392520E+02   1.472500E+02  -1.375020E+02
   1.455000E+02  -1.357520E+02   1.479500E+02  -1.368020E+02
 
   1.525000E+02  -1.427520E+02   1.507500E+02  -1.410020E+02
   1.490000E+02  -1.392520E+02   1.514500E+02  -1.403020E+02
 
   1.380000E+02  -1.282520E+02   1.360000E+02  -1.262520E+02
   1.340000E+02  -1.242520E+02   1.368000E+02  -1.254520E+02
 
   1.210000E+02  -1.039415E+02   1.210000E+02  -1.019707E+02
   1.210000E+02  -1.000000E+02   1.217883E+02  -1.019707E+02
 
   1.210000E+02  -8.750000E+01   1.210000E+02  -8.593750E+01
   1.210000E+02  -8.437500E+01   1.216250E+02  -8.593750E+01
 
   1.210000E+02  -9.375000E+01   1.210000E+02  -9.218750E+01
   1.210000E+02  -9.062500E+01   1.216250E+02  -9.218750E+01
 
   1.210000E+02  -9.687500E+01   1.210000E+02  -9.531250E+01
   1.210000E+02  -9.375000E+01   1.216250E+02  -9.531250E+01
 
   1.210000E+02  -6.515000E+01   1.210000E+02  -6.277500E+01
   1.210000E+02  -6.040000E+01   1.219500E+02  -6.277500E+01
 
   1.210000E+02  -5.040000E+01   1.210000E+02  -4.790000E+01
   1.210000E+02  -4.540000E+01   1.220000E+02  -4.790000E+01
 
   1.210000E+02  -5.540000E+01   1.210000E+02  -5.290000E+01
   1.210000E+02  -5.040000E+01   1.220000E+02  -5.290000E+01
 
   1.210000E+02  -2.010000E+01   1.210000E+02  -1.761250E+01
   1.210000E+02  -1.512500E+01   1.219950E+02  -1.761250E+01
 
   1.210000E+02  -3.005000E+01   1.210000E+02  -2.756250E+01
   1.210000E+02  -2.507500E+01   1.219950E+02  -2.756250E+01
 
   1.210000E+02  -3.502500E+01   1.210000E+02  -3.253750E+01
   1.210000E+02  -3.005000E+01   1.219950E+02  -3.253750E+01
 
   1.210000E+02   5.217500E+01   1.210000E+02   5.434062E+01
   1.210000E+02   5.650625E+01   1.218663E+02   5.434062E+01
 
   1.210000E+02   4.351250E+01   1.210000E+02   4.567813E+01
   1.210000E+02   4.784375E+01   1.218663E+02   4.567813E+01
 
   1.210000E+02   3.918125E+01   1.210000E+02   4.134688E+01
   1.210000E+02   4.351250E+01   1.218663E+02   4.134688E+01
 
   1.210000E+02   2.618750E+01   1.210000E+02   2.835312E+01
   1.210000E+02   3.051875E+01   1.218663E+02   2.835312E+01
 
   1.210000E+02   2.185625E+01   1.210000E+02   2.402188E+01
   1.210000E+02   2.618750E+01   1.218663E+02   2.402188E+01
 
   1.210000E+02   1.319375E+01   1.210000E+02   1.535938E+01
   1.210000E+02   1.752500E+01   1.218663E+02   1.535938E+01
 
   1.210000E+02   9.375000E+01   1.210000E+02   9.531250E+01
   1.210000E+02   9.687500E+01   1.216250E+02   9.531250E+01
 
   1.210000E+02   9.062500E+01   1.210000E+02   9.218750E+01
   1.210000E+02   9.375000E+01   1.216250E+02   9.218750E+01
 
   1.210000E+02   8.437500E+01   1.210000E+02   8.593750E+01
   1.210000E+02   8.750000E+01   1.216250E+02   8.593750E+01
 
   1.525000E+02   1.427520E+02   1.542500E+02   1.445020E+02
   1.560000E+02   1.462520E+02   1.549500E+02   1.438020E+02
 
   1.260000E+02   8.500000E+01   1.260000E+02   8.250000E+01
   1.260000E+02   8.000000E+01   1.250000E+02   8.250000E+01
 
   1.260000E+02   3.750000E+01   1.260000E+02   3.562500E+01
   1.260000E+02   3.375000E+01   1.252500E+02   3.562500E+01
 
   1.260000E+02   4.125000E+01   1.260000E+02   3.937500E+01
   1.260000E+02   3.750000E+01   1.252500E+02   3.937500E+01
 
   1.260000E+02   4.875000E+01   1.260000E+02   4.687500E+01
   1.260000E+02   4.500000E+01   1.252500E+02   4.687500E+01
 
   1.371214E+02   7.906694E+01   1.374816E+02   8.119084E+01
   1.378417E+02   8.331474E+01   1.383311E+02   8.104676E+01
 
   1.516816E+02   8.317397E+01   1.539883E+02   8.315051E+01
   1.562949E+02   8.312704E+01   1.539789E+02   8.222785E+01
 
   1.455000E+02  -1.357520E+02   1.437500E+02  -1.340020E+02
   1.420000E+02  -1.322520E+02   1.444500E+02  -1.333020E+02
 
   1.210000E+02  -8.125000E+01   1.210000E+02  -7.968750E+01
   1.210000E+02  -7.812500E+01   1.216250E+02  -7.968750E+01
 
   1.210000E+02  -8.437500E+01   1.210000E+02  -8.281250E+01
   1.210000E+02  -8.125000E+01   1.216250E+02  -8.281250E+01
 
   1.210000E+02  -9.062500E+01   1.210000E+02  -8.906250E+01
   1.210000E+02  -8.750000E+01   1.216250E+02  -8.906250E+01
 
   1.210000E+02  -4.540000E+01   1.210000E+02  -4.290000E+01
   1.210000E+02  -4.040000E+01   1.220000E+02  -4.290000E+01
 
   1.210000E+02  -1.015000E+01   1.210000E+02  -7.662500E+00
   1.210000E+02  -5.175000E+00   1.219950E+02  -7.662500E+00
 
   1.210000E+02  -1.512500E+01   1.210000E+02  -1.263750E+01
   1.210000E+02  -1.015000E+01   1.219950E+02  -1.263750E+01
 
   1.210000E+02  -2.507500E+01   1.210000E+02  -2.258750E+01
   1.210000E+02  -2.010000E+01   1.219950E+02  -2.258750E+01
 
   1.210000E+02   6.083750E+01   1.210000E+02   6.300312E+01
   1.210000E+02   6.516875E+01   1.218663E+02   6.300312E+01
 
   1.210000E+02   5.650625E+01   1.210000E+02   5.867188E+01
   1.210000E+02   6.083750E+01   1.218663E+02   5.867188E+01
 
   1.210000E+02   4.784375E+01   1.210000E+02   5.000937E+01
   1.210000E+02   5.217500E+01   1.218663E+02   5.000937E+01
 
   1.210000E+02   3.051875E+01   1.210000E+02   3.268438E+01
   1.210000E+02   3.485000E+01   1.218663E+02   3.268438E+01
 
   1.210000E+02   9.687500E+01   1.210000E+02   9.843750E+01
   1.210000E+02   1.000000E+02   1.216250E+02   9.843750E+01
 
   1.260000E+02   3.375000E+01   1.260000E+02   3.187500E+01
   1.260000E+02   3.000000E+01   1.252500E+02   3.187500E+01
 
   1.210000E+02  -7.812500E+01   1.210000E+02  -7.656250E+01
   1.210000E+02  -7.500000E+01   1.216250E+02  -7.656250E+01
 
   1.210000E+02  -5.175000E+00   1.210000E+02  -2.687500E+00
   1.210000E+02  -2.000000E-01   1.219950E+02  -2.687500E+00
 
   1.210000E+02   6.516875E+01   1.210000E+02   6.733437E+01
   1.210000E+02   6.950000E+01   1.218663E+02   6.733437E+01
 
   1.260000E+02  -1.078830E+02   1.260000E+02  -1.081785E+02
   1.260000E+02  -1.084740E+02   1.258818E+02  -1.081785E+02
 
   1.260000E+02  -1.084740E+02   1.259500E+02  -1.085240E+02
   1.259000E+02  -1.085740E+02   1.259300E+02  -1.085040E+02
 
   1.259000E+02  -1.085740E+02   1.264000E+02  -1.090740E+02
   1.269000E+02  -1.095740E+02   1.262000E+02  -1.092740E+02
 
   1.269000E+02  -1.095740E+02   1.269500E+02  -1.095240E+02
   1.270000E+02  -1.094740E+02   1.269700E+02  -1.095440E+02
 
   1.270000E+02  -1.094740E+02   1.275000E+02  -1.099740E+02
   1.280000E+02  -1.104740E+02   1.273000E+02  -1.101740E+02
 
   1.280000E+02  -1.104740E+02   1.290000E+02  -1.114740E+02
   1.300000E+02  -1.124740E+02   1.286000E+02  -1.118740E+02
 
   1.300000E+02  -1.124740E+02   1.310000E+02  -1.134740E+02
   1.320000E+02  -1.144740E+02   1.306000E+02  -1.138740E+02
 
   1.320000E+02  -1.144740E+02   1.330000E+02  -1.154740E+02
   1.340000E+02  -1.164740E+02   1.326000E+02  -1.158740E+02
 
   1.340000E+02  -1.164740E+02   1.360000E+02  -1.184740E+02
   1.380000E+02  -1.204740E+02   1.352000E+02  -1.192740E+02
 
   1.380000E+02  -1.204740E+02   1.399337E+02  -1.224077E+02
   1.418674E+02  -1.243414E+02   1.391602E+02  -1.231812E+02
 
   1.418674E+02  -1.243414E+02   1.418331E+02  -1.242170E+02
   1.417987E+02  -1.240926E+02   1.418828E+02  -1.242033E+02
 
   1.417987E+02  -1.240926E+02   1.417227E+02  -1.238150E+02
   1.416468E+02  -1.235373E+02   1.418338E+02  -1.237846E+02
 
   1.416468E+02  -1.235373E+02   1.415331E+02  -1.231284E+02
   1.414194E+02  -1.227194E+02   1.416967E+02  -1.230829E+02
 
   1.414194E+02  -1.227194E+02   1.412761E+02  -1.222031E+02
   1.411327E+02  -1.216868E+02   1.414826E+02  -1.221458E+02
 
   1.411327E+02  -1.216868E+02   1.409639E+02  -1.210877E+02
   1.407951E+02  -1.204887E+02   1.412035E+02  -1.210202E+02
 
   1.407951E+02  -1.204887E+02   1.406057E+02  -1.198229E+02
   1.404163E+02  -1.191572E+02   1.408720E+02  -1.197472E+02
 
   1.404163E+02  -1.191572E+02   1.402000E+02  -1.184205E+02
   1.399837E+02  -1.176838E+02   1.404947E+02  -1.183340E+02
 
   1.399837E+02  -1.176838E+02   1.397291E+02  -1.168397E+02
   1.394745E+02  -1.159955E+02   1.400668E+02  -1.167378E+02
 
   1.394745E+02  -1.159955E+02   1.391624E+02  -1.150123E+02
   1.388503E+02  -1.140290E+02   1.395557E+02  -1.148874E+02
 
   1.388503E+02  -1.140290E+02   1.384802E+02  -1.129354E+02
   1.381100E+02  -1.118418E+02   1.389176E+02  -1.127873E+02
 
   1.381100E+02  -1.118418E+02   1.376909E+02  -1.107244E+02
   1.372717E+02  -1.096071E+02   1.381378E+02  -1.105568E+02
 
   1.372717E+02  -1.096071E+02   1.368332E+02  -1.085574E+02
   1.363948E+02  -1.075077E+02   1.372531E+02  -1.083820E+02
 
   1.363948E+02  -1.075077E+02   1.359608E+02  -1.066027E+02
   1.355267E+02  -1.056978E+02   1.363228E+02  -1.064291E+02
 
   1.355267E+02  -1.056978E+02   1.351308E+02  -1.049724E+02
   1.347349E+02  -1.042469E+02   1.354210E+02  -1.048140E+02
 
   1.347349E+02  -1.042469E+02   1.343939E+02  -1.036955E+02
   1.340530E+02  -1.031441E+02   1.346145E+02  -1.035591E+02
 
   1.340530E+02  -1.031441E+02   1.337653E+02  -1.027274E+02
   1.334777E+02  -1.023106E+02   1.339320E+02  -1.026123E+02
 
   1.334777E+02  -1.023106E+02   1.332365E+02  -1.019909E+02
   1.329954E+02  -1.016712E+02   1.333644E+02  -1.018945E+02
 
   1.329954E+02  -1.016712E+02   1.327970E+02  -1.014284E+02
   1.325986E+02  -1.011856E+02   1.328941E+02  -1.013491E+02
 
   1.325986E+02  -1.011856E+02   1.324367E+02  -1.009958E+02
   1.322747E+02  -1.008059E+02   1.325126E+02  -1.009310E+02
 
   1.322747E+02  -1.008059E+02   1.321293E+02  -1.006493E+02
   1.319838E+02  -1.004927E+02   1.321919E+02  -1.005911E+02
 
   1.319838E+02  -1.004927E+02   1.318381E+02  -1.003380E+02
   1.316925E+02  -1.001833E+02   1.319000E+02  -1.002797E+02
 
   1.316925E+02  -1.001833E+02   1.315132E+02  -1.000088E+02
   1.313339E+02  -9.983427E+01   1.315830E+02  -9.993704E+01
 
   1.313339E+02  -9.983427E+01   1.310911E+02  -9.961133E+01
   1.308483E+02  -9.938839E+01   1.311803E+02  -9.951420E+01
 
   1.308483E+02  -9.938839E+01   1.305083E+02  -9.910508E+01
   1.301684E+02  -9.882178E+01   1.306217E+02  -9.896912E+01
 
   1.301684E+02  -9.882178E+01   1.297491E+02  -9.851129E+01
   1.293297E+02  -9.820079E+01   1.298733E+02  -9.834355E+01
 
   1.293297E+02  -9.820079E+01   1.288737E+02  -9.791124E+01
   1.284176E+02  -9.762168E+01   1.289895E+02  -9.772882E+01
 
   1.284176E+02  -9.762168E+01   1.279751E+02  -9.737434E+01
   1.275326E+02  -9.712700E+01   1.280741E+02  -9.719734E+01
 
   1.275326E+02  -9.712700E+01   1.271502E+02  -9.694061E+01
   1.267677E+02  -9.675420E+01   1.272247E+02  -9.678762E+01
 
   1.267677E+02  -9.675420E+01   1.264968E+02  -9.663343E+01
   1.262259E+02  -9.651265E+01   1.265451E+02  -9.652507E+01
 
   1.262259E+02  -9.651265E+01   1.261130E+02  -9.646541E+01
   1.260000E+02  -9.641816E+01   1.261319E+02  -9.642022E+01
 
   1.260000E+02  -9.641816E+01   1.260000E+02  -9.720908E+01
   1.260000E+02  -9.800000E+01   1.256836E+02  -9.720908E+01
 
   1.260000E+02  -9.800000E+01   1.260000E+02  -9.900000E+01
   1.260000E+02  -1.000000E+02   1.256000E+02  -9.900000E+01
 
   1.260000E+02  -1.000000E+02   1.260000E+02  -1.010000E+02
   1.260000E+02  -1.020000E+02   1.256000E+02  -1.010000E+02
 
   1.260000E+02  -1.020000E+02   1.260000E+02  -1.030000E+02
   1.260000E+02  -1.040000E+02   1.256000E+02  -1.030000E+02
 
   1.260000E+02  -1.040000E+02   1.260000E+02  -1.050000E+02
   1.260000E+02  -1.060000E+02   1.256000E+02  -1.050000E+02
 
   1.260000E+02  -1.060000E+02   1.260000E+02  -1.069415E+02
   1.260000E+02  -1.078830E+02   1.256234E+02  -1.069415E+02
 
   2.231840E+02   4.471540E+01   2.217882E+02   4.673119E+01
   2.203924E+02   4.874698E+01   2.225945E+02   4.728951E+01
 
   2.008510E+02   7.696800E+01   2.004675E+02   7.738180E+01
   2.000840E+02   7.779560E+01   2.006330E+02   7.753520E+01
 
   2.000840E+02   7.779560E+01   1.987273E+02   7.886927E+01
   1.973706E+02   7.994294E+01   1.991568E+02   7.941194E+01
 
   1.783770E+02   9.497430E+01   1.764055E+02   9.674951E+01
   1.744340E+02   9.852473E+01   1.771156E+02   9.753811E+01
 
   1.626050E+02   1.091760E+02   1.616130E+02   1.107630E+02
   1.606210E+02   1.123500E+02   1.622478E+02   1.111598E+02
 
   1.606210E+02   1.123500E+02   1.599910E+02   1.139460E+02
   1.593610E+02   1.155420E+02   1.606294E+02   1.141980E+02
 
   1.593610E+02   1.155420E+02   1.591425E+02   1.176210E+02
   1.589240E+02   1.197000E+02   1.599741E+02   1.177084E+02
 
   1.576130E+02   1.321740E+02   1.603480E+02   1.324615E+02
   1.630830E+02   1.327490E+02   1.604630E+02   1.313675E+02
 
   1.630830E+02   1.327490E+02   1.633865E+02   1.298618E+02
   1.636900E+02   1.269745E+02   1.622316E+02   1.297403E+02
 
   1.642970E+02   1.212000E+02   1.644315E+02   1.196815E+02
   1.645660E+02   1.181630E+02   1.638241E+02   1.196277E+02
 
   1.648350E+02   1.151260E+02   1.651600E+02   1.144875E+02
   1.654850E+02   1.138490E+02   1.649046E+02   1.143575E+02
 
   1.654850E+02   1.138490E+02   1.674704E+02   1.120445E+02
   1.694558E+02   1.102400E+02   1.667486E+02   1.112504E+02
 
   1.813680E+02   9.941310E+01   1.826300E+02   9.948975E+01
   1.838920E+02   9.956640E+01   1.826607E+02   9.898495E+01
 
   1.838920E+02   9.956640E+01   1.852556E+02   9.848954E+01
   1.866191E+02   9.741268E+01   1.848248E+02   9.794411E+01
 
   2.057090E+02   8.233660E+01   2.071584E+02   8.024336E+01
   2.086079E+02   7.815013E+01   2.063211E+02   7.966359E+01
 
   2.289000E+02   4.884480E+01   2.289000E+02   4.678010E+01
   2.289000E+02   4.471540E+01   2.280741E+02   4.678010E+01
 
   2.289000E+02   4.471540E+01   2.260420E+02   4.471540E+01
   2.231840E+02   4.471540E+01   2.260420E+02   4.585860E+01
 
   2.120175E+02   6.084170E+01   2.106217E+02   6.285749E+01
   2.092259E+02   6.487328E+01   2.114280E+02   6.341581E+01
 
   2.176008E+02   5.277855E+01   2.162049E+02   5.479434E+01
   2.148091E+02   5.681012E+01   2.170113E+02   5.535266E+01
 
   2.203924E+02   4.874698E+01   2.189966E+02   5.076276E+01
   2.176008E+02   5.277855E+01   2.198029E+02   5.132109E+01
 
   1.892305E+02   8.638495E+01   1.878738E+02   8.745862E+01
   1.865171E+02   8.853229E+01   1.883033E+02   8.800129E+01
 
   1.946573E+02   8.209027E+01   1.933006E+02   8.316394E+01
   1.919439E+02   8.423761E+01   1.937300E+02   8.370662E+01
 
   1.973706E+02   7.994294E+01   1.960139E+02   8.101661E+01
   1.946573E+02   8.209027E+01   1.964434E+02   8.155928E+01
 
   1.704910E+02   1.020752E+02   1.685195E+02   1.038504E+02
   1.665480E+02   1.056256E+02   1.692296E+02   1.046390E+02
 
   1.744340E+02   9.852473E+01   1.724625E+02   1.002999E+02
   1.704910E+02   1.020752E+02   1.731726E+02   1.010885E+02
 
   1.584870E+02   1.238580E+02   1.582685E+02   1.259370E+02
   1.580500E+02   1.280160E+02   1.591001E+02   1.260244E+02
 
   1.589240E+02   1.197000E+02   1.587055E+02   1.217790E+02
   1.584870E+02   1.238580E+02   1.595371E+02   1.218664E+02
 
   1.636900E+02   1.269745E+02   1.639935E+02   1.240873E+02
   1.642970E+02   1.212000E+02   1.628386E+02   1.239658E+02
 
   1.645660E+02   1.181630E+02   1.647005E+02   1.166445E+02
   1.648350E+02   1.151260E+02   1.640931E+02   1.165907E+02
 
   1.734265E+02   1.066311E+02   1.754119E+02   1.048266E+02
   1.773972E+02   1.030221E+02   1.746901E+02   1.040324E+02
 
   1.694558E+02   1.102400E+02   1.714411E+02   1.084355E+02
   1.734265E+02   1.066311E+02   1.707193E+02   1.076414E+02
 
   1.948005E+02   9.095150E+01   1.961641E+02   8.987464E+01
   1.975276E+02   8.879778E+01   1.957333E+02   8.932921E+01
 
   1.893462E+02   9.525895E+01   1.907098E+02   9.418209E+01
   1.920734E+02   9.310523E+01   1.902791E+02   9.363666E+01
 
   1.866191E+02   9.741268E+01   1.879827E+02   9.633581E+01
   1.893462E+02   9.525895E+01   1.875519E+02   9.579039E+01
 
   2.173045E+02   6.559070E+01   2.187539E+02   6.349746E+01
   2.202034E+02   6.140422E+01   2.179166E+02   6.291769E+01
 
   2.115068E+02   7.396365E+01   2.129562E+02   7.187041E+01
   2.144056E+02   6.977717E+01   2.121189E+02   7.129064E+01
 
   2.086079E+02   7.815013E+01   2.100573E+02   7.605689E+01
   2.115068E+02   7.396365E+01   2.092200E+02   7.547711E+01
 
   2.064342E+02   6.890485E+01   2.050384E+02   7.092064E+01
   2.036426E+02   7.293643E+01   2.058448E+02   7.147896E+01
 
   2.092259E+02   6.487328E+01   2.078301E+02   6.688906E+01
   2.064342E+02   6.890485E+01   2.086364E+02   6.744739E+01
 
   2.148091E+02   5.681012E+01   2.134133E+02   5.882591E+01
   2.120175E+02   6.084170E+01   2.142196E+02   5.938424E+01
 
   1.838038E+02   9.067963E+01   1.824471E+02   9.175329E+01
   1.810904E+02   9.282696E+01   1.828765E+02   9.229597E+01
 
   1.865171E+02   8.853229E+01   1.851604E+02   8.960596E+01
   1.838038E+02   9.067963E+01   1.855899E+02   9.014863E+01
 
   1.919439E+02   8.423761E+01   1.905872E+02   8.531128E+01
   1.892305E+02   8.638495E+01   1.910167E+02   8.585396E+01
 
   1.665480E+02   1.056256E+02   1.645765E+02   1.074008E+02
   1.626050E+02   1.091760E+02   1.652866E+02   1.081894E+02
 
   1.580500E+02   1.280160E+02   1.578315E+02   1.300950E+02
   1.576130E+02   1.321740E+02   1.586631E+02   1.301824E+02
 
   1.773972E+02   1.030221E+02   1.793826E+02   1.012176E+02
   1.813680E+02   9.941310E+01   1.786608E+02   1.004234E+02
 
   2.002548E+02   8.664405E+01   2.016183E+02   8.556719E+01
   2.029819E+02   8.449033E+01   2.011876E+02   8.502176E+01
 
   1.975276E+02   8.879778E+01   1.988912E+02   8.772091E+01
   2.002548E+02   8.664405E+01   1.984604E+02   8.717549E+01
 
   1.920734E+02   9.310523E+01   1.934369E+02   9.202836E+01
   1.948005E+02   9.095150E+01   1.930062E+02   9.148294E+01
 
   2.231023E+02   5.721775E+01   2.245517E+02   5.512451E+01
   2.260011E+02   5.303127E+01   2.237144E+02   5.454474E+01
 
   2.202034E+02   6.140422E+01   2.216528E+02   5.931099E+01
   2.231023E+02   5.721775E+01   2.208155E+02   5.873121E+01
 
   2.144056E+02   6.977717E+01   2.158551E+02   6.768394E+01
   2.173045E+02   6.559070E+01   2.150178E+02   6.710416E+01
 
   2.036426E+02   7.293643E+01   2.022468E+02   7.495221E+01
   2.008510E+02   7.696800E+01   2.030531E+02   7.551054E+01
 
   1.810904E+02   9.282696E+01   1.797337E+02   9.390063E+01
   1.783770E+02   9.497430E+01   1.801632E+02   9.444331E+01
 
   2.029819E+02   8.449033E+01   2.043454E+02   8.341346E+01
   2.057090E+02   8.233660E+01   2.039147E+02   8.286804E+01
 
   2.260011E+02   5.303127E+01   2.274506E+02   5.093804E+01
   2.289000E+02   4.884480E+01   2.266133E+02   5.035826E+01
 
   2.000840E+02  -7.779560E+01   2.004675E+02  -7.738180E+01
   2.008510E+02  -7.696800E+01   2.006330E+02  -7.753520E+01
 
   2.008510E+02  -7.696800E+01   2.014200E+02  -7.614765E+01
   2.019890E+02  -7.532730E+01   2.017481E+02  -7.637525E+01
 
   2.019890E+02  -7.532730E+01   2.032045E+02  -7.356245E+01
   2.044200E+02  -7.179760E+01   2.039104E+02  -7.404865E+01
 
   2.044200E+02  -7.179760E+01   2.055927E+02  -7.010496E+01
   2.067655E+02  -6.841233E+01   2.062698E+02  -7.057406E+01
 
   2.231840E+02  -4.471540E+01   2.260420E+02  -4.471540E+01
   2.289000E+02  -4.471540E+01   2.260420E+02  -4.585860E+01
 
   2.289000E+02  -4.471540E+01   2.289000E+02  -4.678010E+01
   2.289000E+02  -4.884480E+01   2.280741E+02  -4.678010E+01
 
   2.289000E+02  -4.884480E+01   2.274506E+02  -5.093804E+01
   2.260011E+02  -5.303127E+01   2.266133E+02  -5.035826E+01
 
   2.057090E+02  -8.233660E+01   2.043454E+02  -8.341346E+01
   2.029819E+02  -8.449033E+01   2.039147E+02  -8.286804E+01
 
   1.838920E+02  -9.956640E+01   1.826300E+02  -9.948975E+01
   1.813680E+02  -9.941310E+01   1.826607E+02  -9.898495E+01
 
   1.813680E+02  -9.941310E+01   1.793826E+02  -1.012176E+02
   1.773972E+02  -1.030221E+02   1.786608E+02  -1.004234E+02
 
   1.654850E+02  -1.138490E+02   1.651600E+02  -1.144875E+02
   1.648350E+02  -1.151260E+02   1.649046E+02  -1.143575E+02
 
   1.648350E+02  -1.151260E+02   1.647005E+02  -1.166445E+02
   1.645660E+02  -1.181630E+02   1.640931E+02  -1.165907E+02
 
   1.642970E+02  -1.212000E+02   1.639935E+02  -1.240873E+02
   1.636900E+02  -1.269745E+02   1.628386E+02  -1.239658E+02
 
   1.630830E+02  -1.327490E+02   1.603480E+02  -1.324615E+02
   1.576130E+02  -1.321740E+02   1.604630E+02  -1.313675E+02
 
   1.576130E+02  -1.321740E+02   1.578315E+02  -1.300950E+02
   1.580500E+02  -1.280160E+02   1.586631E+02  -1.301824E+02
 
   1.593610E+02  -1.155420E+02   1.599910E+02  -1.139460E+02
   1.606210E+02  -1.123500E+02   1.606294E+02  -1.141980E+02
 
   1.606210E+02  -1.123500E+02   1.616130E+02  -1.107630E+02
   1.626050E+02  -1.091760E+02   1.622478E+02  -1.111598E+02
 
   1.626050E+02  -1.091760E+02   1.645765E+02  -1.074008E+02
   1.665480E+02  -1.056256E+02   1.652866E+02  -1.081894E+02
 
   1.783770E+02  -9.497430E+01   1.797337E+02  -9.390063E+01
   1.810904E+02  -9.282696E+01   1.801632E+02  -9.444331E+01
 
   2.138020E+02  -5.825650E+01   2.149747E+02  -5.656386E+01
   2.161475E+02  -5.487123E+01   2.156518E+02  -5.703296E+01
 
   2.091110E+02  -6.502705E+01   2.102837E+02  -6.333441E+01
   2.114565E+02  -6.164178E+01   2.109608E+02  -6.380351E+01
 
   2.067655E+02  -6.841233E+01   2.079382E+02  -6.671969E+01
   2.091110E+02  -6.502705E+01   2.086153E+02  -6.718879E+01
 
   2.173045E+02  -6.559070E+01   2.158551E+02  -6.768394E+01
   2.144056E+02  -6.977717E+01   2.150178E+02  -6.710416E+01
 
   2.231023E+02  -5.721775E+01   2.216528E+02  -5.931099E+01
   2.202034E+02  -6.140422E+01   2.208155E+02  -5.873121E+01
 
   2.260011E+02  -5.303127E+01   2.245517E+02  -5.512451E+01
   2.231023E+02  -5.721775E+01   2.237144E+02  -5.454474E+01
 
   1.948005E+02  -9.095150E+01   1.934369E+02  -9.202836E+01
   1.920734E+02  -9.310523E+01   1.930062E+02  -9.148294E+01
 
   2.002548E+02  -8.664405E+01   1.988912E+02  -8.772091E+01
   1.975276E+02  -8.879778E+01   1.984604E+02  -8.717549E+01
 
   2.029819E+02  -8.449033E+01   2.016183E+02  -8.556719E+01
   2.002548E+02  -8.664405E+01   2.011876E+02  -8.502176E+01
 
   1.734265E+02  -1.066311E+02   1.714411E+02  -1.084355E+02
   1.694558E+02  -1.102400E+02   1.707193E+02  -1.076414E+02
 
   1.773972E+02  -1.030221E+02   1.754119E+02  -1.048266E+02
   1.734265E+02  -1.066311E+02   1.746901E+02  -1.040324E+02
 
   1.645660E+02  -1.181630E+02   1.644315E+02  -1.196815E+02
   1.642970E+02  -1.212000E+02   1.638241E+02  -1.196277E+02
 
   1.636900E+02  -1.269745E+02   1.633865E+02  -1.298618E+02
   1.630830E+02  -1.327490E+02   1.622316E+02  -1.297403E+02
 
   1.584870E+02  -1.238580E+02   1.587055E+02  -1.217790E+02
   1.589240E+02  -1.197000E+02   1.595371E+02  -1.218664E+02
 
   1.580500E+02  -1.280160E+02   1.582685E+02  -1.259370E+02
   1.584870E+02  -1.238580E+02   1.591001E+02  -1.260244E+02
 
   1.704910E+02  -1.020752E+02   1.724625E+02  -1.002999E+02
   1.744340E+02  -9.852473E+01   1.731726E+02  -1.010885E+02
 
   1.665480E+02  -1.056256E+02   1.685195E+02  -1.038504E+02
   1.704910E+02  -1.020752E+02   1.692296E+02  -1.046390E+02
 
   1.892305E+02  -8.638495E+01   1.905872E+02  -8.531128E+01
   1.919439E+02  -8.423761E+01   1.910167E+02  -8.585396E+01
 
   1.838038E+02  -9.067963E+01   1.851604E+02  -8.960596E+01
   1.865171E+02  -8.853229E+01   1.855899E+02  -9.014863E+01
 
   1.810904E+02  -9.282696E+01   1.824471E+02  -9.175329E+01
   1.838038E+02  -9.067963E+01   1.828765E+02  -9.229597E+01
 
   2.184930E+02  -5.148595E+01   2.196658E+02  -4.979331E+01
   2.208385E+02  -4.810068E+01   2.203428E+02  -5.026241E+01
 
   2.161475E+02  -5.487123E+01   2.173202E+02  -5.317859E+01
   2.184930E+02  -5.148595E+01   2.179973E+02  -5.364769E+01
 
   2.114565E+02  -6.164178E+01   2.126293E+02  -5.994914E+01
   2.138020E+02  -5.825650E+01   2.133063E+02  -6.041824E+01
 
   2.115068E+02  -7.396365E+01   2.100573E+02  -7.605689E+01
   2.086079E+02  -7.815013E+01   2.092200E+02  -7.547711E+01
 
   2.144056E+02  -6.977717E+01   2.129562E+02  -7.187041E+01
   2.115068E+02  -7.396365E+01   2.121189E+02  -7.129064E+01
 
   2.202034E+02  -6.140422E+01   2.187539E+02  -6.349746E+01
   2.173045E+02  -6.559070E+01   2.179166E+02  -6.291769E+01
 
   1.893462E+02  -9.525895E+01   1.879827E+02  -9.633581E+01
   1.866191E+02  -9.741268E+01   1.875519E+02  -9.579039E+01
 
   1.920734E+02  -9.310523E+01   1.907098E+02  -9.418209E+01
   1.893462E+02  -9.525895E+01   1.902791E+02  -9.363666E+01
 
   1.975276E+02  -8.879778E+01   1.961641E+02  -8.987464E+01
   1.948005E+02  -9.095150E+01   1.957333E+02  -8.932921E+01
 
   1.694558E+02  -1.102400E+02   1.674704E+02  -1.120445E+02
   1.654850E+02  -1.138490E+02   1.667486E+02  -1.112504E+02
 
   1.589240E+02  -1.197000E+02   1.591425E+02  -1.176210E+02
   1.593610E+02  -1.155420E+02   1.599741E+02  -1.177084E+02
 
   1.744340E+02  -9.852473E+01   1.764055E+02  -9.674951E+01
   1.783770E+02  -9.497430E+01   1.771156E+02  -9.753811E+01
 
   1.946573E+02  -8.209027E+01   1.960139E+02  -8.101661E+01
   1.973706E+02  -7.994294E+01   1.964434E+02  -8.155928E+01
 
   1.919439E+02  -8.423761E+01   1.933006E+02  -8.316394E+01
   1.946573E+02  -8.209027E+01   1.937300E+02  -8.370662E+01
 
   1.865171E+02  -8.853229E+01   1.878738E+02  -8.745862E+01
   1.892305E+02  -8.638495E+01   1.883033E+02  -8.800129E+01
 
   2.208385E+02  -4.810068E+01   2.220113E+02  -4.640804E+01
   2.231840E+02  -4.471540E+01   2.226883E+02  -4.687714E+01
 
   2.086079E+02  -7.815013E+01   2.071584E+02  -8.024336E+01
   2.057090E+02  -8.233660E+01   2.063211E+02  -7.966359E+01
 
   1.866191E+02  -9.741268E+01   1.852556E+02  -9.848954E+01
   1.838920E+02  -9.956640E+01   1.848248E+02  -9.794411E+01
 
   1.973706E+02  -7.994294E+01   1.987273E+02  -7.886927E+01
   2.000840E+02  -7.779560E+01   1.991568E+02  -7.941194E+01
 
   2.076600E+02   1.212000E+02   2.076600E+02   1.228137E+02
   2.076600E+02   1.244274E+02   2.083055E+02   1.228137E+02
 
   2.076600E+02   1.470190E+02   2.091600E+02   1.470190E+02
   2.106600E+02   1.470190E+02   2.091600E+02   1.464190E+02
 
   2.106600E+02   1.470190E+02   2.106600E+02   1.452178E+02
   2.106600E+02   1.434166E+02   2.099395E+02   1.452178E+02
 
   2.106600E+02   1.182000E+02   2.077959E+02   1.182000E+02
   2.049319E+02   1.182000E+02   2.077959E+02   1.193456E+02
 
   1.648350E+02   1.182000E+02   1.648350E+02   1.197000E+02
   1.648350E+02   1.212000E+02   1.654350E+02   1.197000E+02
 
   1.648350E+02   1.212000E+02   1.675116E+02   1.212000E+02
   1.701881E+02   1.212000E+02   1.675116E+02   1.201294E+02
 
   2.076600E+02   1.341095E+02   2.076600E+02   1.357232E+02
   2.076600E+02   1.373369E+02   2.083055E+02   1.357232E+02
 
   2.076600E+02   1.276548E+02   2.076600E+02   1.292684E+02
   2.076600E+02   1.308821E+02   2.083055E+02   1.292684E+02
 
   2.076600E+02   1.244274E+02   2.076600E+02   1.260411E+02
   2.076600E+02   1.276548E+02   2.083055E+02   1.260411E+02
 
   2.106600E+02   1.326095E+02   2.106600E+02   1.308083E+02
   2.106600E+02   1.290071E+02   2.099395E+02   1.308083E+02
 
   2.106600E+02   1.398143E+02   2.106600E+02   1.380131E+02
   2.106600E+02   1.362119E+02   2.099395E+02   1.380131E+02
 
   2.106600E+02   1.434166E+02   2.106600E+02   1.416154E+02
   2.106600E+02   1.398143E+02   2.099395E+02   1.416154E+02
 
   1.877475E+02   1.182000E+02   1.848834E+02   1.182000E+02
   1.820194E+02   1.182000E+02   1.848834E+02   1.193456E+02
 
   1.992038E+02   1.182000E+02   1.963397E+02   1.182000E+02
   1.934756E+02   1.182000E+02   1.963397E+02   1.193456E+02
 
   2.049319E+02   1.182000E+02   2.020678E+02   1.182000E+02
   1.992038E+02   1.182000E+02   2.020678E+02   1.193456E+02
 
   1.862475E+02   1.212000E+02   1.889241E+02   1.212000E+02
   1.916006E+02   1.212000E+02   1.889241E+02   1.201294E+02
 
   1.755412E+02   1.212000E+02   1.782178E+02   1.212000E+02
   1.808944E+02   1.212000E+02   1.782178E+02   1.201294E+02
 
   1.701881E+02   1.212000E+02   1.728647E+02   1.212000E+02
   1.755412E+02   1.212000E+02   1.728647E+02   1.201294E+02
 
   2.076600E+02   1.405643E+02   2.076600E+02   1.421779E+02
   2.076600E+02   1.437916E+02   2.083055E+02   1.421779E+02
 
   2.076600E+02   1.373369E+02   2.076600E+02   1.389506E+02
   2.076600E+02   1.405643E+02   2.083055E+02   1.389506E+02
 
   2.076600E+02   1.308821E+02   2.076600E+02   1.324958E+02
   2.076600E+02   1.341095E+02   2.083055E+02   1.324958E+02
 
   2.106600E+02   1.254048E+02   2.106600E+02   1.236036E+02
   2.106600E+02   1.218024E+02   2.099395E+02   1.236036E+02
 
   2.106600E+02   1.290071E+02   2.106600E+02   1.272059E+02
   2.106600E+02   1.254048E+02   2.099395E+02   1.272059E+02
 
   2.106600E+02   1.362119E+02   2.106600E+02   1.344107E+02
   2.106600E+02   1.326095E+02   2.099395E+02   1.344107E+02
 
   1.762912E+02   1.182000E+02   1.734272E+02   1.182000E+02
   1.705631E+02   1.182000E+02   1.734272E+02   1.193456E+02
 
   1.820194E+02   1.182000E+02   1.791553E+02   1.182000E+02
   1.762912E+02   1.182000E+02   1.791553E+02   1.193456E+02
 
   1.934756E+02   1.182000E+02   1.906116E+02   1.182000E+02
   1.877475E+02   1.182000E+02   1.906116E+02   1.193456E+02
 
   1.969538E+02   1.212000E+02   1.996303E+02   1.212000E+02
   2.023069E+02   1.212000E+02   1.996303E+02   1.201294E+02
 
   1.916006E+02   1.212000E+02   1.942772E+02   1.212000E+02
   1.969538E+02   1.212000E+02   1.942772E+02   1.201294E+02
 
   1.808944E+02   1.212000E+02   1.835709E+02   1.212000E+02
   1.862475E+02   1.212000E+02   1.835709E+02   1.201294E+02
 
   2.076600E+02   1.437916E+02   2.076600E+02   1.454053E+02
   2.076600E+02   1.470190E+02   2.083055E+02   1.454053E+02
 
   2.106600E+02   1.218024E+02   2.106600E+02   1.200012E+02
   2.106600E+02   1.182000E+02   2.099395E+02   1.200012E+02
 
   1.705631E+02   1.182000E+02   1.676991E+02   1.182000E+02
   1.648350E+02   1.182000E+02   1.676991E+02   1.193456E+02
 
   2.023069E+02   1.212000E+02   2.049834E+02   1.212000E+02
   2.076600E+02   1.212000E+02   2.049834E+02   1.201294E+02
 
   2.076600E+02  -1.470190E+02   2.076600E+02  -1.454053E+02
   2.076600E+02  -1.437916E+02   2.083055E+02  -1.454053E+02
 
   2.076600E+02  -1.212000E+02   2.049834E+02  -1.212000E+02
   2.023069E+02  -1.212000E+02   2.049834E+02  -1.201294E+02
 
   1.648350E+02  -1.212000E+02   1.648350E+02  -1.197000E+02
   1.648350E+02  -1.182000E+02   1.654350E+02  -1.197000E+02
 
   1.648350E+02  -1.182000E+02   1.676991E+02  -1.182000E+02
   1.705631E+02  -1.182000E+02   1.676991E+02  -1.193456E+02
 
   2.106600E+02  -1.182000E+02   2.106600E+02  -1.200012E+02
   2.106600E+02  -1.218024E+02   2.099395E+02  -1.200012E+02
 
   2.106600E+02  -1.470190E+02   2.091600E+02  -1.470190E+02
   2.076600E+02  -1.470190E+02   2.091600E+02  -1.464190E+02
 
   2.076600E+02  -1.341095E+02   2.076600E+02  -1.324958E+02
   2.076600E+02  -1.308821E+02   2.083055E+02  -1.324958E+02
 
   2.076600E+02  -1.405643E+02   2.076600E+02  -1.389506E+02
   2.076600E+02  -1.373369E+02   2.083055E+02  -1.389506E+02
 
   2.076600E+02  -1.437916E+02   2.076600E+02  -1.421779E+02
   2.076600E+02  -1.405643E+02   2.083055E+02  -1.421779E+02
 
   1.862475E+02  -1.212000E+02   1.835709E+02  -1.212000E+02
   1.808944E+02  -1.212000E+02   1.835709E+02  -1.201294E+02
 
   1.969538E+02  -1.212000E+02   1.942772E+02  -1.212000E+02
   1.916006E+02  -1.212000E+02   1.942772E+02  -1.201294E+02
 
   2.023069E+02  -1.212000E+02   1.996303E+02  -1.212000E+02
   1.969538E+02  -1.212000E+02   1.996303E+02  -1.201294E+02
 
   1.877475E+02  -1.182000E+02   1.906116E+02  -1.182000E+02
   1.934756E+02  -1.182000E+02   1.906116E+02  -1.193456E+02
 
   1.762912E+02  -1.182000E+02   1.791553E+02  -1.182000E+02
   1.820194E+02  -1.182000E+02   1.791553E+02  -1.193456E+02
 
   1.705631E+02  -1.182000E+02   1.734272E+02  -1.182000E+02
   1.762912E+02  -1.182000E+02   1.734272E+02  -1.193456E+02
 
   2.106600E+02  -1.326095E+02   2.106600E+02  -1.344107E+02
   2.106600E+02  -1.362119E+02   2.099395E+02  -1.344107E+02
 
   2.106600E+02  -1.254048E+02   2.106600E+02  -1.272059E+02
   2.106600E+02  -1.290071E+02   2.099395E+02  -1.272059E+02
 
   2.106600E+02  -1.218024E+02   2.106600E+02  -1.236036E+02
   2.106600E+02  -1.254048E+02   2.099395E+02  -1.236036E+02
 
   2.076600E+02  -1.276548E+02   2.076600E+02  -1.260411E+02
   2.076600E+02  -1.244274E+02   2.083055E+02  -1.260411E+02
 
   2.076600E+02  -1.308821E+02   2.076600E+02  -1.292684E+02
   2.076600E+02  -1.276548E+02   2.083055E+02  -1.292684E+02
 
   2.076600E+02  -1.373369E+02   2.076600E+02  -1.357232E+02
   2.076600E+02  -1.341095E+02   2.083055E+02  -1.357232E+02
 
   1.755412E+02  -1.212000E+02   1.728647E+02  -1.212000E+02
   1.701881E+02  -1.212000E+02   1.728647E+02  -1.201294E+02
 
   1.808944E+02  -1.212000E+02   1.782178E+02  -1.212000E+02
   1.755412E+02  -1.212000E+02   1.782178E+02  -1.201294E+02
 
   1.916006E+02  -1.212000E+02   1.889241E+02  -1.212000E+02
   1.862475E+02  -1.212000E+02   1.889241E+02  -1.201294E+02
 
   1.992038E+02  -1.182000E+02   2.020678E+02  -1.182000E+02
   2.049319E+02  -1.182000E+02   2.020678E+02  -1.193456E+02
 
   1.934756E+02  -1.182000E+02   1.963397E+02  -1.182000E+02
   1.992038E+02  -1.182000E+02   1.963397E+02  -1.193456E+02
 
   1.820194E+02  -1.182000E+02   1.848834E+02  -1.182000E+02
   1.877475E+02  -1.182000E+02   1.848834E+02  -1.193456E+02
 
   2.106600E+02  -1.398143E+02   2.106600E+02  -1.416154E+02
   2.106600E+02  -1.434166E+02   2.099395E+02  -1.416154E+02
 
   2.106600E+02  -1.362119E+02   2.106600E+02  -1.380131E+02
   2.106600E+02  -1.398143E+02   2.099395E+02  -1.380131E+02
 
   2.106600E+02  -1.290071E+02   2.106600E+02  -1.308083E+02
   2.106600E+02  -1.326095E+02   2.099395E+02  -1.308083E+02
 
   2.076600E+02  -1.244274E+02   2.076600E+02  -1.228137E+02
   2.076600E+02  -1.212000E+02   2.083055E+02  -1.228137E+02
 
   1.701881E+02  -1.212000E+02   1.675116E+02  -1.212000E+02
   1.648350E+02  -1.212000E+02   1.675116E+02  -1.201294E+02
 
   2.049319E+02  -1.182000E+02   2.077959E+02  -1.182000E+02
   2.106600E+02  -1.182000E+02   2.077959E+02  -1.193456E+02
 
   2.106600E+02  -1.434166E+02   2.106600E+02  -1.452178E+02
   2.106600E+02  -1.470190E+02   2.099395E+02  -1.452178E+02
 
   1.966620E+02   1.428530E+02   1.983450E+02   1.435440E+02
   2.000280E+02   1.442350E+02   1.986214E+02   1.428708E+02
 
   2.000280E+02   1.442350E+02   2.017065E+02   1.435335E+02
   2.033850E+02   1.428320E+02   2.014259E+02   1.428621E+02
 
   2.033850E+02   1.428320E+02   2.040745E+02   1.411525E+02
   2.047640E+02   1.394730E+02   2.034027E+02   1.408767E+02
 
   2.047640E+02   1.394730E+02   2.040630E+02   1.377960E+02
   2.033620E+02   1.361190E+02   2.033922E+02   1.380764E+02
 
   2.033620E+02   1.361190E+02   2.016810E+02   1.354270E+02
   2.000000E+02   1.347350E+02   2.014042E+02   1.360994E+02
 
   2.000000E+02   1.347350E+02   1.983225E+02   1.354370E+02
   1.966450E+02   1.361390E+02   1.986033E+02   1.361080E+02
 
   1.966450E+02   1.361390E+02   1.959545E+02   1.378180E+02
   1.952640E+02   1.394970E+02   1.966261E+02   1.380942E+02
 
   1.952640E+02   1.394970E+02   1.959630E+02   1.411750E+02
   1.966620E+02   1.428530E+02   1.966342E+02   1.408954E+02
 
   1.966450E+02  -1.361390E+02   1.983225E+02  -1.354370E+02
   2.000000E+02  -1.347350E+02   1.986033E+02  -1.361080E+02
 
   2.000000E+02  -1.347350E+02   2.016810E+02  -1.354270E+02
   2.033620E+02  -1.361190E+02   2.014042E+02  -1.360994E+02
 
   2.033620E+02  -1.361190E+02   2.040630E+02  -1.377960E+02
   2.047640E+02  -1.394730E+02   2.033922E+02  -1.380764E+02
 
   2.047640E+02  -1.394730E+02   2.040745E+02  -1.411525E+02
   2.033850E+02  -1.428320E+02   2.034027E+02  -1.408767E+02
 
   2.033850E+02  -1.428320E+02   2.017065E+02  -1.435335E+02
   2.000280E+02  -1.442350E+02   2.014259E+02  -1.428621E+02
 
   2.000280E+02  -1.442350E+02   1.983450E+02  -1.435440E+02
   1.966620E+02  -1.428530E+02   1.986214E+02  -1.428708E+02
 
   1.966620E+02  -1.428530E+02   1.959630E+02  -1.411750E+02
   1.952640E+02  -1.394970E+02   1.966342E+02  -1.408954E+02
 
   1.952640E+02  -1.394970E+02   1.959545E+02  -1.378180E+02
   1.966450E+02  -1.361390E+02   1.966261E+02  -1.380942E+02
